$ 1 0.000005 2.1831051418620846 50 5 50
c 240 160 400 160 0 0.00001 0.028568240646530203
r 400 160 400 288 0 200
O 464 160 576 160 0
g 400 288 400 320 0
R 192 208 160 208 0 0 40 5 0 0 0.5
S 256 224 192 224 0 0 false 0 2
R 192 240 144 240 0 0 40 0 0 0 0.5
w 256 224 240 160 0
d 400 160 464 160 1 0.805904783
d 400 352 464 352 1 0.805904783
w 256 416 240 352 0
R 192 432 144 432 0 0 40 0 0 0 0.5
S 256 416 192 416 0 0 false 0 2
R 192 400 160 400 0 0 40 5 0 0 0.5
g 400 480 400 512 0
r 400 352 400 480 0 35
c 240 352 400 352 0 0.00001 0.0000019740257215438634
w 464 352 464 160 0
d 240 352 272 288 1 0.805904783
d 256 224 272 288 1 0.805904783
O 272 288 384 288 0
a 544 224 608 224 1 15 -15 1000000 0.85 -0.012337817576479893
w 464 160 544 208 0
172 544 240 512 272 0 6 0.85 5 0 0 0.5 Voltage
O 608 224 720 224 0
o 2 16 0 4098 5 0.00009765625 0 1 out
o 20 16 0 4098 5 0.1 1 1
o 24 16 0 4098 20 0.1 2 1
h 3 1 0
