$ 1 0.000005 32.755850052045055 50 5 50
a -48 48 32 48 9 5 0 1000000 1.67 0 100000
a 208 64 288 64 9 5 0 1000000 3.15 -2.767843671506791 100000
a 464 224 544 224 9 5 0 1000000 1.67 -0.0005917843671506791 100000
a 464 64 544 64 9 5 0 1000000 0.25299502996179807 0.2529975599120977 100000
w 464 80 464 128 0
w 464 128 544 128 0
w 544 128 544 64 0
R -48 64 -80 64 0 0 40 1.67 0 0 0.5
R -48 32 -144 32 0 2 10 2.5 2.5 0 0.5
c 32 48 96 48 0 0.000001 2.7676766715067913
r 96 48 96 112 0 33000
g 96 112 96 144 0
w 96 48 208 48 0
172 208 80 160 80 0 7 3.15 5 0 0 0.5 Pulse
w 288 64 288 192 0
w 288 192 464 208 0
w -48 64 -48 224 0
w -48 224 464 240 0
w 544 224 608 224 0
174 416 48 368 64 1 1000 0.5495000000000001 Release
174 352 0 400 0 1 1000 0.0743 Attack
d 320 0 352 0 2 default
d 352 48 320 48 2 default
w 320 48 320 0 0
w 288 64 320 48 0
c 448 48 416 128 0 0.00001 0.2529975599120977
g 416 128 416 160 0
w 448 48 464 48 0
w 384 64 432 64 0
w 384 -16 432 -16 0
w 432 -16 432 64 0
w 432 64 448 48 0
o 8 64 0 4354 5 0.00009765625 0 2 8 3
o 12 64 0 4354 5 0.00009765625 0 2 12 3
o 18 64 0 12290 5.000333004491664 0.0001 0 2 18 3
o 6 64 0 12546 4.650167185338107 0.0001 0 2 6 3
