$ 1 0.000005 10.20027730826997 50 5 50
S 288 192 192 192 0 0 false 0 2
g 192 208 192 256 0
R 192 176 144 176 0 0 40 4 0 0 0.5
a 288 176 352 176 0 5 -5 1000000 0 0
a 496 144 576 144 0 5 -5 1000000 -1.2542403852647813e-11 -1.2542529276686338e-11
174 384 176 432 176 0 10000 0.15350000000000003 Attack
w 496 128 496 80 0
w 496 80 576 80 0
w 576 80 576 144 0
w 384 176 352 176 0
w 416 160 496 160 0
d 496 160 400 112 1 0.805904783
w 400 112 384 176 0
g 496 208 496 256 0
c 496 160 496 208 0 0.000002 -1.2542529276686338e-11
p 576 144 592 224 1 0
a 784 112 848 112 0 5 -5 1000000 0.0004224619077823279 0.0004224661324014057
w 784 96 784 64 0
w 784 64 848 64 0
w 848 64 848 112 0
p 848 112 864 192 1 0
w 704 128 784 128 0
d 704 96 784 128 1 0.805904783
w 704 96 656 144 0
g 784 192 784 224 0
c 784 128 784 192 0 0.0000049999999999999996 0.0004224661324014057
r 288 192 288 288 0 1000000
g 288 288 288 320 0
w 576 144 656 144 0
r 656 144 656 240 0 1000000
g 656 240 656 272 0
w 656 144 656 32 0
w 656 32 256 32 0
S 240 96 192 96 0 0 false 0 2
w 240 96 288 160 0
g 192 112 144 112 0
r 240 64 208 32 0 100000
r 208 32 144 32 0 1000000
g 144 32 96 32 0
174 656 144 736 144 0 10000 0.18320000000000003 Release
p 352 176 368 256 1 0
w 192 80 256 32 0
o 15 64 0 4354 10 0.1 0 1
o 20 64 0 4354 5 0.1 0 1
