$ 1 0.000005 10.20027730826997 66 5 50
R 32 32 -16 32 0 2 40 2.5 2.5 0 0.5
d 96 96 176 96 1 0.805904783
r 176 96 240 96 0 3000
c 240 96 240 176 0 1e-7 3.953029079514189
r 176 48 240 48 0 30000
w 304 96 352 96 0
g 240 176 240 208 0
g 304 176 304 208 0
d 176 48 112 48 1 0.805904783
w 240 48 240 96 0
w 240 96 304 96 0
174 48 96 48 176 0 100000 0.18320000000000003 Resistance
g 48 192 48 224 0
a 96 144 160 144 1 5 0 1000000 0 0
w 96 160 96 192 0
w 96 192 160 192 0
w 160 192 160 144 0
w 32 32 48 96 0
w 64 144 96 128 0
w 160 144 96 96 0
174 80 -16 80 64 0 100000 0.36140000000000005 Resistance
w 48 96 80 80 0
R 80 -16 128 -16 0 0 40 5 0 0 0.5
a 160 0 224 0 1 5 0 1000000 3.1929680703192966 3.193
w 96 32 160 -16 0
w 160 16 144 16 0
w 144 16 160 32 0
w 160 32 224 32 0
w 224 32 224 0 0
w 160 32 112 48 0
o 0 64 0 4354 5 0.00625 0 2 0 3
o 5 64 0 12546 4.030057450232349 0.0001 0 2 5 3
