$ 1 0.000005 6.450009306485578 50 5 50
c -16 0 144 0 0 1e-7 -3.1724652363428856
r 144 0 144 128 0 10000
O 384 16 496 16 0
g 144 128 144 160 0
R -16 0 -64 0 0 2 80 5 0 0 0.5
c 288 144 352 144 0 1e-7 0.25347540431462434
d 144 0 224 0 2 default
r 224 0 224 128 0 10000
w 224 128 144 128 0
a 288 16 384 16 9 5 -5 1000000 5.000273439221624 7.737155847080108 100000
w 224 0 288 0 0
c 352 144 416 144 0 1e-7 -0.2534756483337848
w 384 16 416 64 0
w 416 64 416 144 0
174 352 144 368 256 1 10000 0.12380000000000002 Tune
g 352 272 352 320 0
O 224 -48 336 -48 0
w 224 0 224 -48 0
r 416 64 288 64 0 0.001
w 288 32 288 64 0
w 288 64 288 144 0
r 304 384 352 384 0 470000
r 352 384 416 384 0 470000
w 288 144 304 384 0
w 416 144 416 384 0
c 352 384 352 448 0 1.0000000000000001e-7 0.2764484803879155
r 352 448 352 496 0 47000
174 352 496 496 496 1 100000 0.6881 Decay
g 432 480 480 416 0
o 2 16 0 12290 5.000448678041513 0.0001 0 1 out
o 16 16 0 4098 10 0.1 1 1
h 3 1 0
