$ 1 0.000005 4.078577355933338 50 5 50
c -16 48 144 48 0 1e-7 -4.999997703664836
r 144 48 144 176 0 1000
O 384 64 496 64 0
g 144 176 144 208 0
R -16 48 -64 48 0 2 160 5 0 0 0.5
c 288 192 352 192 0 1e-7 0.004974224893275958
d 144 48 224 48 2 default
r 224 48 224 176 0 10000
w 224 176 144 176 0
a 592 64 688 64 9 5 -5 1000000 0 0 100000
w 224 48 288 48 0
c 352 192 416 192 0 1e-7 -0.004974224613352472
w 384 64 416 112 0
w 416 112 416 192 0
174 352 192 368 304 1 10000 0.203 Tune
g 352 320 352 368 0
O 224 0 336 0 0
w 224 48 224 0 0
r 416 112 288 112 0 0.001
w 288 80 288 112 0
w 288 112 288 192 0
r 304 432 352 432 0 470000
r 352 432 416 432 0 470000
w 288 192 304 432 0
w 416 192 416 432 0
c 352 432 352 496 0 1.0000000000000001e-7 0.031915773522156535
r 352 496 352 544 0 47000
174 352 544 496 544 1 100000 0.8564 Decay
g 432 528 480 464 0
409 400 16 480 16 1 0.6 -4.387464253531237 0.023100000000000002 0
w 288 48 400 32 0
w 400 0 288 80 0
w 480 16 448 80 0
w 448 80 384 64 0
R 432 -16 464 -48 0 0 40 5 0 0 0.5
R 432 48 368 48 0 0 40 -5 0 0 0.5
o 2 16 0 12290 4.394937904067852 0.0001 0 1 out
o 16 16 0 4098 10 0.1 1 1
h 3 1 0
