$ 1 0.000015625 3.9121283998153213 61 10 50
a 304 368 432 368 8 5 -5 1000000 1.3479357008953865 -3.0511126083613354 100000
w 304 352 304 304 0
w 432 304 432 368 0
w 432 368 432 432 0
r 432 432 304 432 0 100000
w 304 384 304 432 0
r 304 432 208 432 0 100000
c 304 304 208 304 0 4e-7 6.347935700895387
211 432 368 512 368 0 1 8000 1
d 432 256 336 256 2 default
w 432 304 432 256 0
w 304 304 304 256 0
w 208 304 208 256 0
R 208 304 144 304 0 0 40 -5 0 0 0.5
r 400 496 304 496 0 220000
R 448 496 496 496 0 0 40 5 0 0 0.5
R 176 480 112 480 0 0 40 -5 0 0 0.5
t 256 160 256 208 0 1 -5.162288183436783 0.5822402311827597 100
w 304 256 304 208 0
w 304 208 272 208 0
w 240 208 208 208 0
r 256 160 96 160 0 220000
172 96 160 0 208 0 7 -2.5 5 -5 0 0.5 CV
r 336 256 304 256 0 10
p 304 304 368 304 1 0
r 208 208 208 256 0 1000
d 208 480 176 480 2 default
w 208 480 208 496 0
w 176 480 176 496 0
w 208 480 208 432 0
w 304 496 304 432 0
w 448 496 400 496 0
o 8 16 0 12554 5.099859655444957 0.0001 0 1
o 5 16 0 4355 10 0.00009765625 1 2 5 3
o 24 16 0 12546 3.092057087209452 0.0001 2 1
o 21 16 0 12291 1.3143524825420267 0.0001 3 2 21 3
