$ 1 0.000015625 15.472767971186109 61 10 50
a 256 416 384 416 8 3.5 -3.5 1000000 2.4525157925510217 2.6315924091407124 100000
w 256 400 256 352 0
w 384 352 384 416 0
w 384 416 384 480 0
r 384 480 256 480 0 33000
w 256 432 256 480 0
r 256 480 160 480 0 100000
c 256 352 160 352 0 0.0000010000000000000002 2.4525157925510217
g 160 352 96 352 0
211 480 384 560 384 0 1 8000 1
w 160 480 160 352 0
w 384 352 384 288 0
w 256 352 256 288 0
162 256 288 304 288 2 default-led 1 0 0 0.01
162 304 288 384 288 2 default 1 0 0 0.01
w 384 288 384 240 0
w 304 288 304 240 0
s 384 240 304 240 0 1 false
w 256 352 320 384 0
w 320 384 480 384 0
w 384 416 448 416 0
r 384 176 384 240 0 1000
w 256 144 256 288 0
r 464 160 544 160 0 100000
172 544 160 592 160 0 7 -3.4 5 -5 0 0.5 Voltage
t 464 160 384 160 1 -1 -0.5144077540750442 -0.5955568897662136 100
w 384 144 256 144 0
o 7 8 0 4099 5 0.8 0 2 7 3
o 9 16 0 4362 10 0.00009765625 1 1
o 1 16 0 45314 3.8261710204743515 0.0001 2 2 1 3
o 20 16 0 37131 5 0.00009765625 3 2 20 3
