$ 1 0.000005 10.20027730826997 58 5 43
R 160 128 112 128 0 4 40 2.5 2.5 0 0.5
g 160 288 160 336 0
w 160 128 288 128 0
r 288 240 352 240 0 1000
r 288 128 352 128 0 4000
w 352 128 352 240 0
w 448 176 448 64 0
p 448 64 496 64 1 0
174 160 224 160 288 0 100000 0.5891000000000001 Offset
a 208 240 256 240 0 15 -15 1000000 2.0544794552054477 2.0545
w 176 256 208 256 0
w 208 224 176 224 0
w 176 224 176 176 0
w 176 176 256 176 0
w 256 176 256 240 0
w 256 240 288 240 0
R 160 224 144 192 0 0 40 5 0 0 0.5
174 448 208 464 272 0 20000 0.9950000000000001 Resistance
r 448 208 448 176 0 1000
w 160 288 512 288 0
w 512 288 464 240 0
a 384 64 432 64 0 15 -15 1000000 2.1097624593053017 2.109783556929895
w 352 128 384 80 0
w 384 48 352 48 0
w 352 48 352 16 0
w 352 16 448 16 0
w 448 16 448 64 0
w 448 64 432 64 0
o 0 64 0 2082 5 0.000390625 0 -1 0
o 7 64 0 2338 4.676805239458889 4.8828125e-55 1 -1 0
