$ 1 0.000005 16.13108636308289 57 5 50
a 288 208 432 208 8 3.5 -5 1000000 0.000003783437933303052 0 100000
w 288 128 288 192 0
w 432 208 432 128 0
r 288 128 432 128 0 330
w 288 224 288 272 0
g 288 272 288 304 0
w 288 192 240 192 0
w 240 192 240 160 0
w 240 192 240 224 0
r 240 160 176 160 0 1000
r 176 224 240 224 0 1000
R 128 160 80 160 0 1 200 2.5 2.5 0 0.5
O 432 208 496 208 0
172 144 80 32 80 0 7 0 5 -5 0 0.5 Voltage
a 464 272 608 272 8 3.5 -5 1000000 -0.000011464501380105143 0 100000
r 432 208 432 256 0 330
r 464 224 608 224 0 1000
w 608 224 608 272 0
w 464 224 464 256 0
w 464 256 432 256 0
O 608 272 672 272 0
g 464 288 464 320 0
r 240 80 192 80 0 1000
w 240 224 240 272 0
R 96 256 32 256 0 0 40 -5 0 0 0.5
s 128 160 176 160 0 0 false
174 96 192 96 240 1 100 0.797 Resistance
w 176 224 112 224 0
R 96 192 0 192 0 0 40 5 0 0 0.5
w 240 160 240 80 0
s 144 80 192 80 0 1 false
o 11 64 0 4098 5 0.025 0 2 11 3
o 12 64 0 4354 5 0.00009765625 1 1
o 20 64 0 4354 10 0.1 2 1
