$ 1 0.000005 10.20027730826997 50 5 50 5e-11
402 192 320 384 320 1 0\s0\s40\s-12\s0\s0\s0.5 0\s0\s40\s12\s0\s0\s0.5 0\s1\s-10.51109768755193\s0.512424067361728\s100\sdefault 0\s1\s-0.512424067361728\s0.5121692448649853\s100\sdefault 0\s1\s0\s0.5121692448649853\s100\sdefault 0\s1\s-10.994758487617895\s0.4899384619196303\s100\sdefault 0\s1\s-10.970800586851281\s0.4979244433721166\s100\sdefault 0\s-1\s0.48993342288652997\s-0.48967862779730176\s100\sdefault 0\s-1\s0\s-0.48967862779730176\s100\sdefault 0\s-1\s22.04078592022006\s-0.48993342288652997\s100\sdefault 0\s-1\s0.4979193954192027\s-0.49766457457875646\s100\sdefault 0\s-1\s0\s-0.49766457457875646\s100\sdefault 0\s-1\s7.1928662343955185\s-0.4979193954192027\s100\sdefault 0\s1\s0\s0.48967361152494426\s100\sdefault 0\s1\s-0.48992841757116423\s0.48967361152494426\s100\sdefault 0\s1\s-14.831947766510414\s0.48992841757116423\s100\sdefault 0\s1\s0\s0.003749020139889734\s100\sdefault 0\s1\s0\s-0.0042369613125965745\s100\sdefault
r 64 208 64 288 0 100000
r 64 288 64 336 0 680
g 64 336 64 368 0 0
g 512 528 512 560 0 0
r 512 480 512 528 0 680
r 512 400 512 480 0 100000
R 0 208 -64 208 0 2 80 5 0 0 0.5
w 192 288 64 288 0
w 368 288 368 256 0
r 368 256 368 208 0 10000
c 384 320 384 416 0 1e-8 3.8115497956065223 0.001
g 384 416 384 448 0 0
a 512 288 592 288 9 10.5 -10.5 1000000 3.8115116804897173 3.8115497956065223 100000
w 512 304 480 304 0
w 480 304 480 352 0
w 480 352 592 352 0
w 592 352 592 288 0
w 416 272 416 320 0
w 416 320 384 320 0
w 592 352 592 400 0
w 592 400 512 400 0
w 512 480 192 480 0
w 192 480 192 352 0
p 592 288 752 288 1 0 0
w 512 272 416 272 0
R 16 128 -64 128 0 4 409 0.5 0 0 0.5
w 32 208 64 208 0
a 544 96 640 96 9 10.5 -10.5 1000000 -0.00000824404730923223 0 100000
g 544 80 512 80 0 0
c 640 96 640 160 0 4.700000000000001e-9 0.8244129749705322 0.001
w 640 160 544 160 0
w 544 160 544 112 0
r 640 96 720 96 0 4700
t 816 144 864 144 0 -1 10.573519727897928 -0.51242912573535 100 default
t 976 144 928 144 0 -1 0.011742074404513308 -0.5006952953781459 100 default
w 928 128 864 128 0
w 720 96 864 96 0
w 864 96 864 128 0
g 816 144 784 144 0 0
r 928 192 928 256 0 470000
R 928 256 928 288 0 0 40 -12 0 0 0.5
w 928 160 928 192 0
w 928 192 640 192 0
w 640 192 640 160 0
w 864 160 864 224 0
w 864 224 368 208 0
r 976 80 1040 80 0 100000
w 976 144 976 80 0
r 976 144 1040 144 0 100000
r 976 208 1040 208 0 100000
w 976 208 976 144 0
w 1040 80 1088 80 0
w 1040 144 1088 144 0
w 1040 208 1088 208 0
174 1120 176 1120 128 1 10000 0.5495000000000001 Resistance
w 1088 144 1104 144 0
R 1120 176 1152 176 0 0 40 -12 0 0 0.5
R 1120 112 1152 112 0 0 40 12 0 0 0.5
r 976 208 976 336 0 1000
g 976 336 976 368 0 0
w 32 208 0 208 0
o 9 64 0 4355 20 0.0001953125 0 2 9 3
o 24 64 0 12546 4.569530889358184 0.0001 1 1
o 27 64 0 12291 5 0.0001 2 2 27 3
o 8 64 0 4354 0.078125 0.00009765625 3 2 8 3
