$ 1 0.000005 11.086722712598126 50 5 50
v 176 288 176 144 0 3 40 5 0 0 0.5
r 176 144 272 144 0 1000
w 272 144 272 192 0
w 272 192 304 192 0
w 272 192 240 192 0
w 176 288 240 288 0
w 240 288 304 288 0
d 240 240 240 288 1 0.805904783
d 304 288 304 256 1 0.805904783
O 272 96 368 96 0
d 304 256 304 192 1 0.805904783
d 240 192 240 240 1 0.805904783
d 368 240 368 208 1 0.805904783
r 176 96 272 96 0 1000
w 272 96 272 144 0
v 32 288 32 144 0 1 3.7 2.5 0 0 0.5
w 32 288 176 288 0
w 32 144 176 96 0
o 0 32 0 4099 5 0.00625 0 2 0 3
o 9 64 0 12546 1.3429073173749142 0.0001 1 1
