$ 1 0.000005 30.13683688681966 64 7 50 5e-11
w 32 32 160 32 0
R -112 32 -144 32 0 0 40 12 0 0 0.5
O 576 144 640 144 0 0
165 96 64 112 64 6 0.0005250016979533401
w 224 32 224 96 0
r 368 192 304 192 0 3000
g 192 224 192 240 0 0
c 432 128 432 208 0 0.0000022 1.990261048591314 0.001
w 192 224 272 224 0
w 272 224 432 224 0
w 96 192 80 192 0
S -112 160 -176 160 0 0 false 0 2
g -176 176 -176 192 0 0
w 32 32 -112 32 0
w -112 32 -176 144 0
w 432 224 432 208 0
w 80 192 80 288 0
w 80 288 480 288 0
w 480 128 432 128 0
r 368 128 304 128 0 6000
d 368 128 400 128 2 default
d 400 192 368 192 2 default
w 400 128 432 128 0
r 160 32 224 32 0 100000
c -112 160 -64 160 0 1e-8 -0.0000012099998489116664 0.001
r -64 160 -64 224 0 10000
r -64 224 -64 272 0 100000
g -64 272 -64 304 0 0
t -16 224 16 224 0 1 -11.999998548000107 0.0000012099998489116755 100 default
w -64 224 -16 224 0
w -64 272 16 272 0
w 16 272 16 240 0
r 16 208 32 32 0 10000
w 400 192 400 128 0
c 160 224 128 240 0 0.00001 7.999999999994079 0.001
g 128 240 128 256 0 0
a 512 144 576 144 9 10.5 -10.5 1000000 1.9902411461798521 1.990261048591314 100000
w 480 128 512 128 0
w 512 160 496 160 0
w 496 160 496 208 0
w 496 208 576 208 0
w 576 208 576 144 0
w 480 128 480 288 0
a 496 16 576 16 9 10.5 -10.5 1000000 1.990261048591314 0.2 100000
w 432 128 432 32 0
O 384 16 448 16 0 0
R 496 0 480 0 0 0 40 0.2 0 0 0.5
w 304 192 304 128 0
a 320 16 384 16 9 10.5 -10.5 1000000 0.00035714044080874827 0.0003571440122131563 100000
w 384 16 384 64 0
w 384 64 320 64 0
w 320 64 320 32 0
w 304 0 320 0 0
w 224 128 304 128 0
w 432 32 496 32 0
d 96 160 16 208 2 default
d 96 160 48 112 2 default
r 784 160 800 -16 0 10000
w 784 224 784 192 0
w 704 224 784 224 0
w 704 176 752 176 0
t 752 176 784 176 0 1 -11.999970077707651 0.000029680291512658983 100 default
g 704 224 704 256 0 0
r 704 176 704 224 0 100000
r 704 112 704 176 0 10000
c 656 112 704 112 0 1e-8 -10.500211542925836 0.001
w 608 16 656 112 0
R 800 -16 768 -16 0 0 40 12 0 0 0.5
w 784 160 672 -32 0
w 672 -32 48 -32 0
r 304 0 304 64 0 47000
w 304 128 304 64 0
r 304 0 256 0 0 100000
g 256 0 240 0 0 0
R 560 256 528 256 0 0 40 4 0 0 0.5
d 560 256 608 256 2 default
d 576 208 608 208 2 default
w 608 208 608 256 0
r 608 256 608 304 0 100000
g 608 304 608 336 0 0
O 608 256 672 256 0 0
s 48 -32 48 0 0 0 false
w 48 112 48 0 0
w 576 16 608 16 0
o 2 64 0 12546 8.000910173126103 0.0001 0 2 80 0
o 53 64 3 12290 8.162722532536302 0.0001 1 2 45 0
