$ 1 0.000005 32.755850052045055 50 5 43 5e-11
a 48 160 160 160 9 5 -5 1000000 0.04950495049504951 -0.0342870427427755 100000
w 48 176 48 224 0
c -144 144 -80 144 0 0.000001 -3.443100703867903 0.001
r -80 144 -80 224 0 200000
g -80 224 -80 256 0 0
d -80 144 0 144 2 default
r 0 144 0 224 0 200000
g 0 224 0 256 0 0
w 0 144 48 144 0
d 160 160 208 160 2 default
r 208 160 208 224 0 100000
g 208 224 208 256 0 0
a 208 144 304 144 8 5 -5 1000000 -0.017143356759253513 -0.017143528192821104 100000
w 208 128 208 80 0
w 208 80 304 80 0
w 304 80 304 144 0
w 368 144 368 96 0
d 368 96 432 96 2 default
r 432 96 496 96 0 18000
r 432 192 496 192 0 6000.4
d 432 192 368 192 2 default
w 496 96 496 144 0
w 496 192 496 144 0
w 496 144 560 144 0
c 560 144 560 224 0 0.000001 0.06789209019918666 0.001
g 560 224 560 256 0 0
w 560 144 608 144 0
a 608 128 720 128 8 5 -5 1000000 0.06789141128507381 0.06789209019918666 100000
w 608 112 608 64 0
w 608 64 720 64 0
w 720 64 720 128 0
r 720 128 800 128 0 1000
O 800 128 864 128 0 0
w 720 128 720 464 0
w 720 464 400 464 0
a 400 448 288 448 9 5 -5 1000000 0.06789141128507381 -0.0000022614557579440345 100000
r 400 432 480 432 0 100000
w 400 432 400 384 0
r 400 384 288 384 0 100000
w 288 384 288 448 0
R 480 432 512 432 0 0 40 5 0 0 0.5
w 288 448 -144 448 0
r 304 144 368 144 0 220
r 400 384 400 320 0 100000
g 400 320 400 304 0 0
r 48 224 112 224 0 100000
r 48 224 48 304 0 1000
R 112 224 144 224 0 0 40 5 0 0 0.5
g 48 304 48 320 0 0
w 368 144 368 192 0
w -144 144 -144 448 0
p 288 384 288 320 1 0 0
o 32 64 0 4098 6.345316934958464 0.0001 0 1
o 51 64 0 4098 20 0.1 1 1
38 18 0 1 100000 ATTACK
38 19 0 1 100000 RELEASE
