$ 1 0.000005 30.13683688681966 64 7 50 5e-11
w 32 32 160 32 0
R -144 32 -176 32 0 0 40 12 0 0 0.5
O 576 144 640 144 0 0
165 96 64 112 64 6 0.0000035828496650443395
w 224 32 224 96 0
r 368 192 304 192 0 3000
g 192 224 192 240 0 0
c 432 128 432 208 0 0.0000022 0.167601602753812 0.001
w 192 224 272 224 0
w 272 224 432 224 0
w 96 192 80 192 0
S -272 176 -336 176 0 0 false 0 2
g -336 192 -336 208 0 0
w 32 32 -144 32 0
w -336 64 -336 160 0
w 432 224 432 208 0
w 80 192 80 288 0
w 80 288 480 288 0
w 480 128 432 128 0
r 368 128 304 128 0 6000
d 368 128 400 128 2 default
d 400 192 368 192 2 default
w 400 128 432 128 0
r 160 32 224 32 0 100000
c -192 160 -144 160 0 1.0000000000000001e-7 -1.4997500045000614 0.001
r -144 96 -144 160 0 10000
w 400 192 400 128 0
c 160 224 128 240 0 0.00001 7.999999999994079 0.001
g 128 240 128 256 0 0
a 512 144 576 144 9 10.5 -10.5 1000000 0.16759992675454446 0.167601602753812 100000
w 480 128 512 128 0
w 512 160 496 160 0
w 496 160 496 208 0
w 496 208 576 208 0
w 576 208 576 144 0
w 480 128 480 288 0
a 496 48 576 48 9 10.5 1.5 1000000 0.2 0.167601602753812 100000
w 432 128 432 32 0
O 384 16 448 16 0 0
R 496 64 480 64 0 0 40 0.2 0 0 0.5
w 304 192 304 128 0
a 320 16 384 16 9 10.5 -10.5 1000000 0.0000024372883244258297 0.000002437312697309074 100000
w 384 16 384 64 0
w 384 64 320 64 0
w 320 64 320 32 0
w 304 0 320 0 0
w 224 128 304 128 0
w 432 32 496 32 0
d 32 160 -144 160 2 default
d 32 304 -128 304 2 default
w 688 352 48 352 0
r 304 0 304 64 0 47000
w 304 128 304 64 0
r 304 0 256 0 0 100000
g 256 0 240 0 0 0
s 48 352 16 352 0 1 false
w 576 48 688 48 0
a -272 160 -192 160 9 10.5 1.5 1000000 0 2.5 100000
R -272 144 -272 96 0 0 40 2.5 0 0 0.5
w -144 96 -144 32 0
r 32 32 32 96 0 100000
p 160 224 176 272 1 0 0
w 32 160 32 96 0
w 32 160 96 160 0
w -48 352 16 352 0
O -144 160 -80 208 0 0
w 32 160 32 304 0
w 688 352 688 48 0
R -336 64 -336 32 0 0 40 5 0 0 0.5
r -128 304 -128 240 0 10000
R -128 240 -128 224 0 0 40 12 0 0 0.5
c -176 304 -128 304 0 1.0000000000000001e-7 -1.500831176555975 0.001
w -48 352 -176 352 0
w -176 352 -176 304 0
o 2 64 0 12546 8.000728533762752 0.0001 0 1
o 46 64 3 12290 8.162722512239272 0.0001 1 2 38 0
o 46 64 0 4099 20 0.003125 2 2 46 3
o 65 64 0 4098 40 0.1 3 1
