$ 1 0.000005 19.867427341514983 50 5 50 5e-11
151 256 160 368 160 0 2 0 5
151 256 288 368 288 0 2 5 5
w 368 160 368 192 0
w 368 192 256 256 0
w 368 288 368 256 0
w 368 256 256 192 0
w 256 192 256 176 0
w 256 256 256 272 0
x 159 120 191 123 4 24 set
x 438 138 456 141 4 24 Q
x 147 281 200 284 4 24 reset
x 438 266 456 269 6 24 Q
p 368 160 368 80 1 0 0
c 528 160 528 224 0 0.00001 0.054090568445213094 0.001
g 528 224 528 256 0 0
r 528 160 464 160 0 1000
w 464 160 368 160 0
p 528 32 528 -32 1 0 0
a 592 144 672 144 9 5 -5 1000000 0.054090568445213094 4.8 100000
w 592 160 528 160 0
R 592 128 576 112 0 0 40 4.8 0 0 0.5
w 672 144 752 176 0
w 752 176 752 320 0
w 752 320 224 320 0
L 48 144 -32 144 0 0 false 5 0
L 80 288 0 288 0 1 false 5 0
w 224 320 256 304 0
a 592 48 672 48 9 5 -5 1000000 0.2 0.054090568445213094 100000
w 528 160 528 32 0
w 528 32 592 32 0
R 592 64 576 64 0 0 40 0.2 0 0 0.5
d 256 144 176 144 2 default
d 256 144 256 80 2 default
w 720 48 720 -48 0
w 720 -48 256 -48 0
w 256 -48 256 48 0
s 256 48 256 80 0 1 false
w 672 48 720 48 0
c 48 144 96 144 0 0.00001 -5.000000020099227 0.001
r 96 144 96 208 0 1000
w 176 144 96 144 0
R 96 208 96 240 0 0 40 5 0 0 0.5
o 12 64 0 4098 10 0.1 0 4 17 0 37 0 37 3
