$ 1 0.000005 30.13683688681966 64 7 50 5e-11
w 32 32 160 32 0
R -112 32 -144 32 0 0 40 12 0 0 0.5
O 576 144 640 144 0 0
165 96 64 112 64 6 0.0000037442991706455785
w 224 32 224 96 0
r 368 192 304 192 0 3000
g 192 224 192 240 0 0
c 432 128 432 208 0 0.0000022 0.17035595926025499 0.001
w 192 224 272 224 0
w 272 224 432 224 0
w 96 192 80 192 0
S -192 160 -256 160 0 0 false 0 2
g -256 176 -256 192 0 0
w 32 32 -112 32 0
w -160 0 -256 144 0
w 432 224 432 208 0
w 80 192 80 288 0
w 80 288 480 288 0
w 480 128 432 128 0
r 368 128 304 128 0 6000
d 368 128 400 128 2 default
d 400 192 368 192 2 default
w 400 128 432 128 0
r 160 32 224 32 0 100000
c -112 144 -64 144 0 1e-8 -1.4997500105003319 0.001
r -64 80 -64 144 0 100000
w 400 192 400 128 0
c 160 224 128 240 0 0.00001 7.999999999994079 0.001
g 128 240 128 256 0 0
a 512 144 576 144 9 10.5 -10.5 1000000 0.1703542557176978 0.17035595926025499 100000
w 480 128 512 128 0
w 512 160 496 160 0
w 496 160 496 208 0
w 496 208 576 208 0
w 576 208 576 144 0
w 480 128 480 288 0
a 496 48 576 48 9 10.5 -10.5 1000000 0.2 0.17035595926025499 100000
w 432 128 432 32 0
O 384 16 448 16 0 0
R 496 64 480 64 0 0 40 0.2 0 0 0.5
w 304 192 304 128 0
a 320 16 384 16 9 10.5 -10.5 1000000 0.000002547116821787959 0.0000025471422929561764 100000
w 384 16 384 64 0
w 384 64 320 64 0
w 320 64 320 32 0
w 304 0 320 0 0
w 224 128 304 128 0
w 432 32 496 32 0
d 96 160 -64 144 2 default
d 96 160 48 112 2 default
w 672 -32 48 -32 0
r 304 0 304 64 0 47000
w 304 128 304 64 0
r 304 0 256 0 0 100000
g 256 0 240 0 0 0
s 48 -32 48 0 0 1 false
w 48 112 48 0 0
w 576 48 672 -32 0
a -192 144 -112 144 9 10.5 -10.5 1000000 0 2.5 100000
R -192 128 -192 80 0 0 40 2.5 0 0 0.5
w -112 32 -160 0 0
w -64 80 -112 32 0
o 2 64 0 12546 8.000141860164 0.0001 0 1
o 46 64 3 12290 8.162722446682176 0.0001 1 2 38 0
