$ 1 0.000005 10.20027730826997 57 5 50 5e-11
v -480 240 -480 176 0 2 4 2.5 2.5 0 0.3
g -480 240 -480 256 0 0
a -400 160 -304 160 8 3.5 -3.5 1000000 1 0 100000
w -400 176 -480 176 0
c -256 160 -304 160 0 1.0000000000000001e-7 3.5000757604170625 0.001
a -224 144 -128 144 8 3.5 -3.5 1000000 3.5000310698208077 -0.000024236082937814585 100000
R -400 144 -400 96 0 0 40 1 0 0 0.5
r -256 160 -256 224 0 100000
g -256 256 -256 288 0 0
w -256 160 -224 160 0
a -320 32 -224 32 8 3.5 -3.5 1000000 -0.3107332080761855 0 100000
w -224 128 -224 32 0
r -320 -16 -224 -16 0 100000
w -224 32 -224 -16 0
w -320 16 -320 -16 0
g -320 48 -320 80 0 0
r -416 -16 -320 -16 0 100000
r -416 16 -320 16 0 100000
r -416 -48 -320 -48 0 100000
w -320 -16 -320 -48 0
R -416 -48 -448 -48 0 0 40 -5 0 0 0.5
174 -448 0 -448 32 1 10000 0.9554000000000001 PulseLength
w -416 16 -432 16 0
g -448 32 -448 48 0 0
R -448 0 -480 0 0 0 40 5 0 0 0.5
w -416 -16 -528 -32 0
R -528 -32 -576 -32 0 1 5 0.1 0 0 0.5
207 -128 144 -128 96 4 pulse
207 -528 -32 -528 -64 4 pulse\slength\sCV
d -128 144 -48 144 2 default
a -208 320 -112 320 8 3.5 -3.5 1000000 -3.5000000064990004 -3.5000999965000004 100000
w -208 304 -208 272 0
w -112 272 -112 320 0
w -208 336 -240 336 0
d -112 320 -48 320 2 default
174 -48 320 32 320 1 100000 0.7772000000000001 Sustain
g 48 320 96 320 0 0
w -208 272 -112 272 0
r 0 304 0 144 0 100000
w -48 144 0 144 0
w -240 336 -304 336 0
w -304 336 -304 160 0
a 0 80 96 80 8 3.5 -3.5 1000000 -0.02478243653115887 -0.02478268435552418 100000
w 0 144 0 96 0
w 0 64 0 16 0
w 0 16 96 16 0
w 96 16 96 80 0
207 96 16 96 -32 4 target\svoltage
a 256 64 352 64 8 3.5 -3.5 1000000 0.10171544650164295 0.10171646365610797 100000
w 256 48 256 16 0
w 256 16 352 16 0
w 352 16 352 64 0
w 256 80 224 80 0
c 224 80 224 160 0 0.000001 0.10171646365610797 0.001
g 224 160 224 192 0 0
d 96 16 144 16 2 default
d 144 80 96 80 2 default
w 224 80 224 16 0
174 144 16 208 16 1 100000 0.0347 Rise
w 208 16 224 16 0
w 176 0 208 0 0
w 208 0 208 16 0
174 144 80 208 80 1 100000 0.08420000000000001 Fall
w 224 80 208 80 0
w 208 80 208 64 0
w 208 64 176 64 0
207 352 16 352 -32 4 envelope\sout
162 -128 144 -128 192 2 default-led 1 0 0 0.01
r -128 192 -128 224 0 1000
g -128 224 -128 240 0 0
p 352 64 384 64 1 0 0
r -256 224 -256 256 0 100
d -224 224 -224 160 2 default
w -224 224 -256 224 0
p -224 160 -256 128 1 0 0
x 139 -28 296 -25 4 24 real:\s500k\spots
x -442 219 -270 222 4 24 real:\s1M\sresistor
162 352 64 352 112 2 default-led 1 0 0 0.01
r 352 112 352 144 0 1000
g 352 144 352 176 0 0
o 0 64 0 4098 5 0.025 0 2 0 3
o 70 64 0 4098 2.5 0.1 1 1
o 47 64 0 4099 2.5 0.00009765625 2 2 47 3
o 11 64 0 4099 5 0.00009765625 3 2 11 3
o 74 64 0 4098 10 0.1 4 1
