$ 1 0.000005 10.20027730826997 57 5 50 5e-11
v -272 224 -272 80 4 5 20 5 0 0 0.3
g -272 224 -272 272 0 0
w -176 176 -176 224 0
w -272 80 -176 80 0
w -176 224 -48 288 0
w -48 160 16 160 0
g 16 224 16 272 0 0
a -176 64 -96 64 8 15 -15 1000000 0.0027882550826764324 0 100000
a 416 32 496 32 8 15 -15 1000000 0.7876354714724471 0.7876433478271617 100000
a 112 48 192 48 8 15 -15 1000000 0.0027882550826764324 0.0027882829652272592 100000
174 -64 64 32 96 1 10000 0.12380000000000002 Resistance
174 320 48 272 16 1 10000 0.8069000000000001 Resistance
174 256 144 240 208 1 1000 0.5 Resistance
w -16 96 32 96 0
w 32 96 32 64 0
w 32 64 32 0 0
d 32 0 -64 0 2 default
w -64 0 -64 64 0
w -64 64 -96 64 0
w 32 64 112 64 0
c 32 96 32 128 0 0.00001 0.0027882829652272592 0.001
g 32 128 32 144 0 0
w 112 32 112 0 0
w 112 0 192 0 0
w 192 0 192 48 0
w 192 0 192 -48 0
w 192 -48 -208 -48 0
w -208 -48 -208 48 0
w -208 48 -176 48 0
r 192 48 192 112 0 1000000
g 192 112 192 128 0 0
w 320 48 320 16 0
w 320 16 288 16 0
w 256 48 192 48 0
d 256 -16 320 -16 2 default
w 320 -16 320 16 0
w 256 48 256 -16 0
w 416 16 416 -16 0
w 416 -16 496 -16 0
w 496 -16 496 32 0
w 320 48 416 48 0
c 416 48 416 112 0 0.00001 0.7876433478271617 0.001
g 416 112 416 144 0 0
p 496 32 576 32 1 0 0
o 0 64 0 4098 10 0.00009765625 0 2 0 3
o 43 64 0 4098 10 0.1 0 1
