$ 1 0.000005 10.20027730826997 57 5 50 5e-11
g -288 80 -288 128 0 0
a 432 48 576 48 8 15 -15 1000000 0.05147799752010465 0.051478512300079854 100000
c 368 64 368 112 0 1.0000000000000001e-7 0.051478512300079854 0.001
O 576 48 640 48 0 0
v -288 80 -288 0 0 2 10 5 0 0 0.7000000000000001
w 64 128 64 96 0
160 96 80 32 80 0 20 10000000000
w -160 144 64 144 0
w 64 128 64 144 0
a 160 64 240 64 8 15 -15 1000000 2.2999769884301153e-8 2.2999999881999996e-8 100000
w 160 48 160 16 0
w 160 16 240 16 0
w 240 16 240 64 0
g 32 64 0 64 0 0
172 32 96 -16 96 0 7 1.5 5 0 0 0.5 Sustain
g 368 112 368 128 0 0
174 240 16 320 16 1 100000 0.1337 Fall
174 240 64 320 64 1 100000 0.0743 Rise
d 336 64 368 64 2 default
d 368 16 336 16 2 default
w 368 64 368 16 0
w 288 0 336 16 0
w 288 48 336 64 0
w 368 64 432 64 0
w 432 32 432 -16 0
w 432 -16 560 -16 0
w 560 -16 576 48 0
c -160 0 -112 0 0 1.0000000000000001e-7 -14.812427597468616 0.001
w -160 144 -160 0 0
174 -112 0 -112 64 1 100000 0.39110000000000006 Pulse
d -112 0 -64 0 2 default
r -64 0 -64 64 0 1000000
w -64 64 -64 96 0
g -64 96 -64 112 0 0
w -64 96 -96 96 0
w -96 96 -96 32 0
a -64 -16 16 -16 8 15 -15 1000000 0.5 -0.12292103379607511 100000
R -64 -32 -64 -64 0 0 40 0.5 0 0 0.5
160 160 -16 96 -16 0 20 10000000000
w 16 -16 16 32 0
w 16 32 128 32 0
w 128 32 128 0 0
w 96 80 48 0 0
R 80 0 80 -32 0 0 40 5 0 0 0.5
p 16 -16 16 -64 1 0 0
p -64 0 -96 -48 1 0 0
w 160 80 144 80 0
w 144 80 144 0 0
w 144 0 160 -16 0
w 80 0 96 0 0
w 48 0 64 -64 0
w 64 -64 96 -32 0
a -288 -16 -208 -16 8 15 -15 1000000 1.5 -5 100000
R -288 -32 -320 -32 0 0 40 1.5 0 0 0.5
w -208 -16 -160 0 0
o 3 32 0 4098 5.5 0.00009765625 0 3 47 0 47 3 integral
