$ 1 0.000005 11.086722712598126 50 5 50 5e-11
a 192 176 320 176 8 5 -5 1000000 0.8430679585606515 0.8430763892402372 100000
O 320 176 320 240 1 0
w 320 176 320 112 0
w 192 112 192 160 0
w 192 112 320 112 0
a 0 320 128 320 8 5 -5 1000000 2.5 5.000249994999999 100000
a 0 192 128 192 8 5 -5 1000000 3.149937001231592 0.16996154474924197 100000
d 128 192 192 192 2 default
d 128 320 192 320 2 default
g 192 384 192 416 0 0
r 192 192 208 288 0 100000
w 0 336 -256 336 0
R -384 208 -448 208 0 2 10 5 0 0 0.5
c -256 208 -176 208 0 0.0000010000000000000002 4.7066511723140225 0.001
g -176 272 -176 304 0 0
d -176 208 -112 208 2 default
r -112 208 -112 256 0 100000
g -112 256 -112 288 0 0
w 0 208 -112 208 0
174 192 320 192 384 1 100000 0.8168000000000001 Sustain
w 208 352 208 288 0
174 320 176 416 176 1 10000 0.44060000000000005 Release
174 320 112 416 96 1 10000 0.1436 Attack
d 416 112 464 112 2 default
d 464 176 416 176 2 default
w 464 112 464 176 0
c 464 176 464 288 0 0.000001 1.1003352637222297 0.001
g 464 288 464 320 0 0
p 640 176 640 240 1 0 0
a 464 96 592 96 8 5 -5 1000000 1.1003242604796248 1.1003352637222297 100000
w 464 80 464 48 0
w 464 48 592 48 0
w 592 48 592 96 0
w 640 176 592 96 0
w 416 112 416 96 0
w 416 96 368 96 0
w 416 176 416 160 0
w 416 160 368 160 0
a -384 192 -288 192 8 5 -5 1000000 2.5 5 100000
w -256 336 -288 192 0
w -384 176 -384 128 0
w -256 208 -288 192 0
174 -176 208 -176 256 1 100000 0.10400000000000001 Pulse
w -176 272 -160 272 0
w -160 272 -160 240 0
R -384 128 -384 96 0 0 40 2.5 0 0 0.5
172 -272 0 -336 0 0 7 1.85 5 0 0 0.5 PulseCV
R 0 304 -48 304 0 0 40 2.5 0 0 0.5
a -176 64 -48 64 8 5 -5 1000000 2.4999685006299877 2.5 100000
R -176 80 -240 80 0 0 40 2.5 0 0 0.5
r -176 0 -48 0 0 100000
r -176 0 -272 0 0 100000
w -48 0 -48 64 0
w -176 48 -176 0 0
w -48 64 0 176 0
a 128 32 256 32 8 5 -5 1000000 -0.017143356761251803 -0.017143528194819416 100000
w 128 16 128 -16 0
w 128 -16 256 -16 0
w 256 32 256 -16 0
p 256 32 320 32 1 0 0
d 128 192 128 48 2 default
r 128 48 64 48 0 100000
g 64 48 32 48 0 0
207 592 96 640 96 4 ENV\sOUT
207 256 -16 304 -16 4 PULSE\sOUT
207 -384 208 -416 272 4 GATE\sIN
207 -272 0 -256 -32 4 PULSE\sCV\sIN
o 1 64 0 12290 4.727292184214047 0.0001 0 1
o 28 64 0 12290 4.45945533847032 0.0001 1 1
o 59 64 0 12290 4.709903144310914 0.0001 2 1
