$ 1 0.000005 10.634267539816555 50 5 50
a 256 128 384 128 0 15 -15 1000000 2.3415841276606404 2.5
172 64 272 16 272 0 6 2.5 5 0 0 0.5 %2B Voltage
O 384 128 432 128 1
R 48 208 0 208 0 4 40 2.5 2.5 0 0.5
a 256 304 384 304 0 15 -15 1000000 2.4752475247524752 2.364999968937247
r 192 48 192 96 0 1000
r 192 288 192 320 0 1000
r 192 336 192 384 0 100000
r 192 112 192 160 0 100000
w 192 320 192 336 0
g 192 384 192 416 0
g 192 160 192 176 0
w 192 96 192 112 0
w 48 208 192 48 0
w 64 272 192 288 0
w 192 112 256 112 0
w 64 272 256 144 0
w 48 208 256 320 0
w 192 320 256 288 0
O 384 304 432 304 1
150 480 192 544 192 0 2 0 5
w 384 128 480 176 0
w 384 304 480 208 0
O 544 192 592 192 1
O 32 112 80 112 1
w 48 208 32 112 0
o 2 64 0 4098 10 0.1 0 1
o 19 64 0 4098 10 0.1 0 1
o 23 64 0 4098 5 0.1 0 1
o 24 64 0 4098 2.5 0.1 0 1
