$ 1 0.000015625 2.3728258192205156 60 6 50
a 160 368 272 368 0 5 0 1000000 2.5 0.8203255812087904
w 160 384 160 448 0
w 160 448 272 448 0
r 272 368 272 448 0 10000
a 384 384 496 384 0 5 0 1000000 2.4999876942764447 2.5
r 272 448 352 448 0 5000
w 352 448 496 448 0
w 496 448 496 384 0
w 496 384 496 320 0
c 384 320 384 272 0 1.0000000000000001e-7 1.2694153387423195
w 384 320 384 368 0
r 272 368 384 368 0 10000
w 160 352 128 352 0
211 496 384 592 384 0 1 8000 1
R 128 352 112 320 0 0 40 2.5 0 0 0.5
R 384 400 352 400 0 0 40 2.5 0 0 0.5
w 496 320 384 272 0
o 13 4 0 12554 3.77039153394422 0.0001 0 1
