$ 1 0.000005 10.20027730826997 57 5 50
v -80 240 -80 96 0 1 40 5 0 0 0.5
g -80 240 -80 288 0
w 16 192 16 240 0
a 16 176 160 176 1 5 -5 1000000 -1.2495592783025848 -1.2495342682386668
w 160 176 160 240 0
r 16 240 160 240 0 1000
r -48 240 16 240 0 1000
w -80 96 16 96 0
w 16 96 16 160 0
O 160 176 224 176 0
a 48 64 192 64 1 5 -5 1000000 0 -1.2495342682386668
O 192 64 256 64 0
w 192 64 288 160 0
w 288 160 128 304 0
R 48 80 48 144 0 0 40 0 0 0 0.5
w 16 96 48 48 0
w 128 304 -48 240 0
a 288 256 432 256 1 5 -5 1000000 2.5010063741951263 2.5010063918216536
r 288 320 240 320 0 1000
r 288 320 432 320 0 1000
w 432 256 432 320 0
w 288 320 288 272 0
w 160 176 288 240 0
O 432 256 496 256 0
a 336 144 480 144 1 5 -5 1000000 0 2.5010063918216536
g 336 160 336 192 0
w 160 176 336 128 0
w 480 144 544 224 0
w 544 224 464 368 0
w 464 368 240 320 0
o 0 64 0 4098 10 0.00009765625 0 2 0 3
o 11 64 0 12290 5.000499994999999 0.0001 1 1
o 9 64 0 12290 4.9998999407955935 0.0001 2 1
o 7 64 0 4354 10 0.00009765625 3 2 7 3
o 23 64 0 12546 5.014911715531473 0.0001 4 1
