$ 1 0.000005 10.20027730826997 50 5 50
R 128 128 80 128 0 1 40 3.5 0 0 0.5
a 288 144 368 144 8 3.5 -3.5 1000000 1.8875540549833516 1.8875739980754573 100000
d 208 128 160 128 2 default
d 160 160 208 160 2 default
r 208 128 288 128 0 100000
r 288 80 368 80 0 100000
w 288 80 288 128 0
w 208 160 288 160 0
w 160 128 160 160 0
g 288 208 288 256 0
r 288 160 288 208 0 100000
p 448 144 528 144 1 0
w 128 128 160 128 0
d 368 144 368 80 2 default
g 448 80 480 80 0
r 448 80 368 80 0 1000000
c 448 144 368 144 0 0.000001 -2.1475050015820005
r 448 144 448 224 0 100000
g 448 224 448 256 0
o 0 64 0 12546 3.4999999999999982 0.0001 0 2 0 3
o 11 64 0 12547 2.133080577132137 0.0001 1 1
