$ 1 0.000005 6.450009306485578 50 5 50
c 176 96 256 96 0 0.000001 0.34473023394854396
R 176 96 128 96 0 2 80 2.5 2.5 0 0.5
O 464 144 608 144 0
r 256 96 256 160 0 1000
g 256 160 256 176 0
a 400 144 464 144 1 5 0 1000000 1.45 -0.34473023394854396
w 256 96 400 128 0
172 400 160 352 160 0 6 1.45 5 0 0 0.5 Voltage
a 288 0 352 0 1 5 0 1000000 -0.00003446957643721068 -0.34473023394854396
w 288 16 288 48 0
w 288 48 352 48 0
w 352 48 352 0 0
w 256 96 256 -16 0
w 256 -16 288 -16 0
368 352 0 432 0 0 0
o 1 16 0 4098 5 51.2 0 2 1 3
o 2 16 0 12290 5.0003527871647755 0.0001 0 1
o 14 16 0 12290 4.977871869041695 0.0001 0 2 14 3
