$ 1 0.000005 6.450009306485578 50 5 50
c 176 96 256 96 0 0.000001 1.0050216974426103
R 176 96 128 96 0 2 80 2.5 2.5 0 0.5
O 464 144 608 144 0
r 256 96 256 160 0 1000
g 256 160 256 176 0
a 400 144 464 144 1 5 0 1000000 1.15 -1.0050216974426103
w 256 96 400 128 0
172 400 160 352 160 0 6 1.15 5 0 0 0.5 Voltage
c 512 48 512 -32 0 0.000001 -0.007541847088695493
r 448 -32 512 -32 0 1000
w 464 144 416 -32 0
R 512 48 512 80 0 0 40 0 0 0 0.5
368 512 -32 592 -32 0 0
d 416 -64 512 -80 1 0.805904783
w 416 -64 416 -32 0
w 512 -80 512 -32 0
w 448 -32 512 48 0
o 1 16 0 4098 5 51.2 0 2 1 3
o 2 16 0 12290 5.000382787164775 0.0001 0 1
o 12 16 0 4354 10 3.2 0 2 12 3
