$ 1 0.000005 16.13108636308289 57 5 50
a 336 224 480 224 0 15 -15 1000000 2.499983901179845 2.5
r 240 224 336 144 0 25000
g 288 272 288 304 0
w 224 112 224 80 0
r 240 160 176 160 0 1000
r 176 224 240 224 0 1000
R 176 160 128 160 0 1 200 2.5 2.5 0 0.5
R 176 224 128 224 0 2 20 2.5 2.5 0 0.5
O 480 224 512 176 0
174 288 208 288 272 0 10000 0.5 Resistance
w 304 240 336 240 0
w 336 208 336 144 0
w 304 144 304 80 0
R 176 304 128 304 0 4 30 2.5 2.5 0 0.5
r 176 304 240 304 0 1000
R 288 208 320 176 0 0 40 5 0 0 0.5
174 400 144 336 176 0 10000 0.0743 Resistance
w 368 176 480 224 0
O 240 160 272 112 0
w 256 320 256 240 0
o 6 64 0 4098 5 0.025 0 2 6 3
o 7 64 0 4098 5 0.0125 0 2 7 3
o 8 64 0 12546 3.3900501834618018 0.0001 1 1
o 18 64 0 4354 5 0.1 2 1
