$ 1 0.000005 16.13108636308289 57 5 50
a 336 272 480 272 0 15 -15 1000000 1.6636967120083463 1.6637133489754665
g 272 304 272 336 0
r 240 160 176 160 0 1000
r 176 224 240 224 0 1000
R 176 160 128 160 0 1 200 2.5 2.5 0 0.5
R 176 224 128 224 0 2 20 2.5 2.5 0 0.5
O 528 96 544 160 0
174 240 304 272 304 0 1000000 0.30200000000000005 TrimPot
w 240 224 240 160 0
R 176 304 128 304 0 4 30 2.5 2.5 0 0.5
r 176 304 240 304 0 1000
174 480 208 464 240 0 10000 0.9950000000000001 Volume
O 240 160 272 112 0
w 240 304 240 224 0
w 256 288 336 288 0
w 336 256 384 224 0
w 384 224 480 272 0
g 480 208 544 320 0
w 480 272 480 240 0
a 384 96 528 96 0 15 -15 1000000 1.6553616748315565 1.655378228448305
w 384 80 432 48 0
w 432 48 528 96 0
w 464 224 384 112 0
R 176 80 128 80 0 4 150 2.5 2.5 0 0.5
r 240 80 176 80 0 1000
w 240 80 240 160 0
o 4 64 0 4098 5 0.025 0 2 4 3
o 5 64 0 4098 5 0.0125 0 2 5 3
o 6 64 0 12546 3.136438692702733 0.0001 1 1
o 12 64 0 4354 5 0.1 2 1
