$ 1 0.000005 10.20027730826997 57 5 50
g 96 224 96 272 0
w 336 112 336 160 0
w 192 80 192 112 0
w 192 112 192 144 0
a 192 160 336 160 8 5 0 1000000 2.4999952514533295 2.5 100000
c 192 112 336 112 0 0.0000022 2.025140584393485
O 336 160 400 160 0
v 96 224 96 144 0 2 40 2.5 2.5 3.141592653589793 0.5
p 128 224 128 80 0 0
w 96 224 128 224 0
w 128 224 192 224 0
r 128 80 192 80 0 2000
w 96 144 96 80 0
w 192 48 192 80 0
d 128 80 96 80 2 default
d 96 48 192 48 2 default
w 96 48 96 80 0
R 192 176 160 176 0 0 40 2.5 0 0 0.5
a 288 240 432 240 8 5 0 1000000 0.47485466705984436 3.3 100000
w 336 160 288 224 0
w 432 240 432 192 0
172 288 256 240 256 0 7 3.3 5 0 0 0.5 Voltage
o 6 32 0 12546 3.909348648710875 0.0001 0 1 integral
o 12 32 0 12546 5 0.0001 1 2 12 3
o 20 32 0 12546 5.000330066321294 0.0001 2 2 20 3
