$ 1 0.000005 42.05934401203833 60 5 53
R 64 128 16 128 0 3 40 5 0 0 0.5
O 192 144 256 144 0
g 64 240 64 288 0
r 112 48 112 128 0 1000000
r 112 128 112 208 0 1000000
d 144 128 144 48 1 0.805904783
d 144 128 144 208 1 0.805904783
w 112 208 144 208 0
w 112 128 144 128 0
w 112 48 144 48 0
r 192 144 192 208 0 100
r 192 112 192 48 0 100
w 144 48 192 48 0
w 144 208 192 208 0
w 64 128 112 48 0
w 64 240 112 208 0
j 160 128 192 128 0 -4 0.00125
w 144 128 160 128 0
o 0 128 0 12546 4.999994055947765 0.0001 0 2 0 3
o 1 128 0 12546 0.8320088073714768 0.0001 1 1
