$ 1 0.000015625 1.5642631884188172 60 6 50 5e-11
a 160 368 272 368 8 5 -5 1000000 0.000004296316834047706 0 100000
w 496 384 496 320 0
w 384 320 384 368 0
r 272 368 384 368 0 100000
g 384 400 384 416 0 0
w 160 352 128 352 0
g 160 384 160 416 0 0
211 272 464 368 464 0 1 8000 1
r 384 320 496 320 0 110000
a 400 384 480 384 9 5 -5 1000000 0 2.1560098782107486 100000
w 480 384 496 384 0
w 400 400 384 400 0
w 400 368 384 368 0
c 128 288 256 288 0 1e-9 0.42963597972160467 0.001
w 256 288 272 368 0
w 128 288 128 352 0
r 128 352 16 352 0 1000000
174 -16 320 16 368 1 100000 0.35150000000000003 Resistance
r -16 384 -16 416 0 100
g -16 416 -16 448 0 0
w 496 320 496 224 0
w 496 224 -16 224 0
w -16 288 -16 320 0
211 496 384 560 448 0 1 8000 1
w 272 464 272 368 0
r 128 288 80 288 0 10
d -16 288 48 288 2 default
w -16 288 -16 224 0
o 7 4 0 12554 4.592818000013482 0.0001 0 1
o 23 4 0 12554 5.000478689052098 0.0001 0 1
