$ 1 0.000015625 0.6520819120330112 60 6 50
a 160 368 272 368 8 3.5 -3.5 1000000 0 -2.9958643306690362 100000
w 160 384 160 448 0
w 160 448 272 448 0
r 272 368 272 448 0 10000
a 384 384 496 384 8 3.5 -3.5 1000000 0.000025799264910829057 0 100000
r 272 448 352 448 0 10000
w 352 448 496 448 0
w 496 448 496 384 0
w 496 384 496 320 0
c 384 320 496 320 0 1.0000000000000001e-7 2.5799522903478165
w 384 320 384 368 0
g 384 400 384 416 0
w 160 352 128 352 0
g 128 352 128 384 0
211 496 384 592 384 0 1 8000 1
r 272 496 352 496 0 47000
w 272 448 272 496 0
w 352 496 352 448 0
174 384 320 272 320 0 10000 0.7475 Resistance
w 320 336 272 368 0
o 14 4 0 4354 5 0.000048828125 0 1
