$ 1 0.000015625 7.010541234668786 61 10 50 5e-11
a 304 416 432 416 8 10.5 -10.5 1000000 -0.19401425719893348 5.250272209073312 100000
w 304 400 304 352 0
w 432 352 432 416 0
w 432 416 432 480 0
r 432 480 304 480 0 100000
w 304 432 304 480 0
r 304 480 208 480 0 100000
g 208 480 208 512 0 0
c 304 352 208 352 0 1.0000000000000001e-7 -0.19401425719893348 0.001
g 208 352 208 384 0 0
211 736 224 816 224 0 1 8000 1
w 304 352 304 288 0
w 304 480 304 528 0
a 592 224 736 224 8 12 -12 1000000 2.528078414116099 2.5281036949002402 100000
a 304 240 432 240 8 12 -12 1000000 -0.19401231707576272 -0.19401425719893348 100000
162 832 176 896 176 2 default-led 1 0 0 0.01
r 896 176 944 176 0 3300
R 944 176 976 176 0 0 40 -12 0 0 0.5
w 592 208 592 176 0
w 592 176 736 176 0
w 736 176 736 224 0
w 544 240 592 240 0
a 784 320 928 320 8 12 -12 1000000 0.00002528027853559029 0 100000
r 784 272 928 272 0 100000
w 928 320 928 272 0
w 784 304 784 272 0
g 784 336 784 368 0 0
r 784 272 736 272 0 100000
211 1264 208 1344 208 0 1 8000 1
r 384 352 432 352 0 100
w 384 352 336 352 0
w 304 288 304 256 0
174 304 352 336 352 1 100000 0.7277 Speed
w 336 320 320 336 0
w 336 320 384 352 0
w 304 224 304 192 0
w 304 192 432 192 0
w 432 192 432 240 0
w 448 512 448 560 0
w 320 512 448 512 0
w 320 544 320 512 0
w 304 528 320 576 0
a 320 560 448 560 8 12 -12 1000000 5.250219706876243 5.250272209073312 100000
r 432 240 512 240 0 100000
r 448 560 512 560 0 100000
s 512 240 544 240 0 0 false
s 512 560 544 560 0 0 false
w 544 240 544 560 0
w 736 224 736 272 0
w 928 272 832 176 0
a 720 480 848 480 8 12 -12 1000000 0.00005056055708129237 0 100000
r 720 432 800 432 0 100000
r 640 432 720 432 0 100000
w 720 464 720 432 0
w 800 432 848 480 0
r 464 112 496 112 0 100000
s 512 112 544 112 0 0 false
w 544 240 544 112 0
w 512 112 496 112 0
w 1040 496 1088 544 0
w 960 528 960 496 0
r 880 496 960 496 0 100000
r 960 496 1040 496 0 100000
a 960 544 1088 544 8 12 -12 1000000 -0.000050559545890374545 0 100000
w 448 560 448 608 0
w 448 608 656 592 0
g 720 496 688 496 0 0
r 640 384 720 384 0 100000
w 720 432 720 384 0
w 656 592 640 432 0
w 432 240 640 384 0
g 960 560 896 560 0 0
w 848 480 880 496 0
w 848 480 992 352 0
w 1088 544 992 384 0
d 992 352 1072 352 2 default
d 992 384 1072 384 2 default
w 1072 352 1072 384 0
r 1072 384 1072 432 0 100000
g 1072 432 1072 448 0 0
g 1184 528 1120 528 0 0
a 1072 336 1200 336 8 12 -12 1000000 4.764434568808133 4.764482213153821 100000
r 1168 560 1248 560 0 100000
w 1072 320 1072 272 0
w 1200 272 1200 336 0
w 1072 272 1200 272 0
w 1136 160 1136 112 0
r 1056 112 1136 112 0 100000
g 1136 224 1104 224 0 0
w 1216 160 1264 208 0
w 1136 192 1136 160 0
r 1056 160 1136 160 0 100000
r 1136 160 1216 160 0 100000
a 1136 208 1264 208 8 12 -12 1000000 -0.000004855508646659273 0 100000
w 1072 272 1056 160 0
R 1056 112 992 112 0 0 40 -5.25 0 0 0.5
o 8 8 0 4354 10 0.003125 0 2 8 3
o 10 16 0 12298 5.264174599042857 0.0001 1 1
o 28 16 0 12290 5.249632141557842 0.0001 2 2 72 3
