$ 1 0.000015625 1.5642631884188172 60 6 50 5e-11
a 160 368 272 368 8 3.5 -3.5 1000000 0.00001830025174543858 0 100000
w 496 384 496 320 0
w 384 320 384 368 0
r 272 368 384 368 0 100000
g 384 400 384 416 0 0
w 160 352 128 352 0
g 160 384 160 416 0 0
211 272 464 192 464 0 1 8000 1
r 384 320 496 320 0 110000
a 400 384 480 384 9 3.5 -3.5 1000000 0 -2.625376298156219 100000
w 480 384 496 384 0
w 400 400 384 400 0
w 400 368 384 368 0
c 128 288 256 288 0 1e-9 1.8300434747956036 0.001
w 256 288 272 368 0
w 128 288 128 352 0
r 128 352 16 352 0 1000000
174 -16 320 16 368 1 100000 0.35150000000000003 Resistance
r -16 384 -16 416 0 100
g -16 416 -16 448 0 0
w 496 320 496 224 0
w 496 224 -16 224 0
w -16 288 -16 320 0
211 496 384 560 448 0 1 8000 1
w 272 464 272 368 0
r 128 288 80 288 0 10
d -16 288 48 288 2 default
w -16 288 -16 224 0
g 336 544 336 576 0 0
r 336 512 272 512 0 100000
w 272 512 272 464 0
r 336 480 416 480 0 68000
w 336 512 336 480 0
w 416 528 416 480 0
d 336 464 416 464 2 default-led
d 416 448 336 448 2 default-led
w 336 480 336 464 0
w 336 464 336 448 0
w 416 480 416 464 0
211 416 528 480 592 0 1 8000 1
a 336 528 416 528 8 3.5 -3.5 1000000 -0.000010133626951826178 0 100000
w 416 464 416 448 0
a 672 400 736 400 9 3.5 -3.5 1000000 -1.8299906724235107 -1.830025174543858 100000
w 736 400 784 400 0
w 784 464 736 464 0
w 736 464 640 464 0
w 672 416 640 416 0
w 640 464 640 416 0
r 736 464 736 512 0 1000
g 736 512 736 560 0 0
162 736 400 736 464 2 default-led 1 0 0 0.01
162 784 464 784 400 2 default-led 1 0 0 0.01
w 272 464 336 416 0
w 336 416 608 448 0
w 608 448 640 384 0
w 640 384 672 384 0
o 7 4 0 12554 3.2005712343788137 0.0001 0 1
o 23 4 0 12554 3.5003343279438055 0.0001 0 1
o 39 4 0 12546 1.1566246476421735 0.0001 1 1
