$ 1 0.000015625 1.3241202019156522 60 6 50 5e-11
a -96 336 16 336 8 10.5 -10.5 1000000 0 5.604386086027035 100000
w -96 352 -96 416 0
w -96 416 16 416 0
r 16 336 16 416 0 10000
a 128 352 240 352 8 10.5 -10.5 1000000 -0.00003645916349194408 0 100000
r 16 416 96 416 0 4000
w 96 416 240 416 0
w 240 416 240 352 0
w 240 352 240 288 0
c 128 288 240 288 0 1.0000000000000001e-7 -3.6459528083579 0.001
w 128 288 128 336 0
r 16 336 80 336 0 47000
g 128 368 128 384 0 0
w -96 320 -128 320 0
g -128 320 -128 352 0 0
211 240 352 336 352 0 1 8000 1
w 16 336 16 288 0
d 80 336 128 336 2 default
d 128 288 80 288 2 default
r 80 288 16 288 0 47000
g 608 336 576 336 0 0
w 736 320 736 256 0
w 608 304 608 256 0
r 608 256 736 256 0 100000
r 544 304 608 304 0 22000
a 608 320 736 320 8 15 -15 1000000 -0.00005352274588751419 0 100000
w 544 304 544 240 0
w 544 208 544 192 0
w 544 240 544 208 0
w 416 208 416 240 0
w 416 192 416 208 0
162 544 192 416 192 2 default-led 1 0 0 0.01
162 416 208 544 208 2 default-led 1 0 0 0.01
w 416 288 416 240 0
174 464 240 528 256 1 100000 0.44060000000000005 Shape
r 320 288 416 288 0 100000
g 416 320 384 320 0 0
a 416 304 544 304 8 15 -15 1000000 0.00001177565707275295 0 100000
w 384 352 416 352 0
w 416 352 416 368 0
211 736 320 816 320 0 1 8000 1
w 320 288 240 288 0
r 464 240 416 240 0 22000
w 496 256 528 240 0
w 528 240 544 240 0
o 15 4 0 12546 4.218953925294261 0.0001 0 1
o 40 4 0 12546 5.59028598783404 0.0001 1 1
