$ 1 0.000015625 1.500424758475255 60 6 50
a 160 272 272 272 8 5 -5 1000000 0 -3.0353230041146873 100000
w 160 288 160 352 0
w 160 352 272 352 0
r 272 272 272 352 0 100000
a 384 288 496 288 8 5 -5 1000000 0.000014150759060575374 0 100000
r 272 352 352 352 0 100000
w 352 352 496 352 0
w 496 352 496 288 0
w 496 288 496 224 0
c 384 224 496 224 0 1e-7 1.415090056816598
w 384 224 384 272 0
g 384 304 384 320 0
w 160 256 128 256 0
g 128 256 128 288 0
211 496 288 592 288 0 1 8000 1
r 272 400 352 400 0 470000
w 272 352 272 400 0
w 352 400 352 352 0
174 320 272 384 288 0 100000 0.797 Speed
w 352 288 272 272 0
S 368 192 336 192 0 1 false 0 2
w 384 224 368 192 0
d 336 208 272 208 1 0.805904783
w 272 208 272 272 0
174 496 352 496 400 0 10000 0.7277 Amplitude
g 496 416 496 448 0
R 368 448 368 432 0 0 40 5 0 0 0.5
R 368 544 368 560 0 0 40 -5 0 0 0.5
174 368 448 368 528 0 10000 0.5 Offset
r 512 384 560 384 0 100000
r 384 496 448 496 0 100000
a 496 528 608 528 8 5 -5 1000000 -0.0000037782703359080112 0 100000
g 496 544 496 576 0
w 448 496 496 512 0
w 560 384 496 512 0
211 608 528 592 608 0 1 8000 1
r 496 512 576 448 0 100000
w 576 448 608 528 0
o 14 4 0 12554 4.147725632564481 0.0001 0 1
o 35 4 0 12554 1.107447922187043 0.0001 1 1
