$ 1 0.000015625 1.0751013186076355 60 6 50
r 352 432 224 448 0 100000
a 112 448 224 448 8 5 -5 1000000 -0.00003181061608135893 0 100000
w 224 512 224 448 0
w 224 448 224 384 0
c 112 384 224 384 0 1e-8 -3.1810934187519746
w 112 384 112 432 0
r 352 432 464 432 0 110000
g 112 464 112 480 0
211 224 560 320 560 0 1 8000 1
a 352 384 464 384 8 5 -5 1000000 0 -0.7147160464970881 100000
g 320 368 320 400 0
w 352 368 320 368 0
w 352 400 352 432 0
w 464 432 464 384 0
w 224 512 224 560 0
w 464 384 464 304 0
w 112 384 112 304 0
211 464 432 560 432 0 1 8000 1
a 432 240 368 240 9 5 -5 1000000 -3.8860166836782963 -3.886055543845133 100000
a 656 176 592 176 9 5 -5 1000000 0 0 100000
w 464 224 432 224 0
w 464 224 464 192 0
d 368 240 224 224 2 default
w 432 288 432 256 0
d 208 288 368 288 2 default
174 576 320 608 288 0 100000 0.7772000000000001 Frequency
w 576 320 576 352 0
w 464 304 576 288 0
w 608 304 464 224 0
174 144 240 176 208 0 100000 0.7079000000000001 Symmetry
r 96 240 64 240 0 100
w 176 224 96 240 0
w 112 304 64 240 0
g 576 352 576 384 0
w 432 288 368 288 0
w 368 288 368 240 0
w 208 288 144 240 0
w 224 224 144 208 0
o 8 4 0 12554 4.782705685073954 0.0001 0 1
o 17 4 0 4362 10 0.1 0 1
