$ 1 0.000015625 1.0751013186076355 60 6 50
r 352 432 224 448 0 100000
a 112 448 224 448 8 5 -5 1000000 -0.000001371227543500552 0 100000
w 224 512 224 448 0
w 224 448 224 384 0
c 112 384 224 384 0 1e-8 -0.1371241255775987
w 112 384 112 432 0
r 352 432 464 432 0 220000
g 112 464 112 480 0
211 224 560 320 560 0 1 8000 1
a 352 384 464 384 8 5 -5 1000000 0 1.656823667790519 100000
g 320 368 320 400 0
w 352 368 320 368 0
w 352 400 352 432 0
w 464 432 464 384 0
w 224 512 224 560 0
w 464 384 464 304 0
w 112 384 112 304 0
w 176 304 112 304 0
211 464 432 560 432 0 1 8000 1
174 176 304 224 304 0 100000 0.12380000000000002 Resistance
w 256 304 240 288 0
w 240 288 208 288 0
a 432 240 368 240 9 5 -5 1000000 0.012217250278112601 1.3615451139469736 100000
a 288 208 224 208 9 5 -5 1000000 1.3615288324871966 1.3615451139469736 100000
w 464 224 432 224 0
w 464 224 464 192 0
w 464 192 288 192 0
d 368 288 368 240 2 default
w 432 288 432 256 0
d 224 208 224 256 2 default
w 288 224 288 256 0
174 576 320 608 288 0 100000 0.27230000000000004 Frequency
w 576 320 576 352 0
w 464 304 576 288 0
w 608 304 464 224 0
174 144 240 176 208 0 100000 0.5396000000000001 Symmetry
w 368 288 144 272 0
w 144 272 144 240 0
r 96 240 64 240 0 100
w 176 224 96 240 0
w 112 304 64 240 0
g 576 352 576 384 0
w 288 256 224 256 0
w 224 256 144 208 0
w 432 288 368 288 0
o 8 4 0 12554 2.3220777487199533 0.0001 0 1
o 18 4 0 4362 10 0.1 0 1
