$ 1 0.000015625 0.7087504708082256 60 6 50
a 80 288 192 288 8 15 -15 1000000 0 0 100000
w 80 304 80 368 0
w 80 368 192 368 0
r 544 288 416 304 0 100000
a 304 304 416 304 8 5 -5 1000000 0.000002483096424756065 0 100000
w 416 368 416 304 0
w 416 304 416 240 0
c 304 240 416 240 0 1.0000000000000001e-7 0.24831212557203128
w 304 240 304 288 0
r 544 288 656 288 0 220000
g 304 320 304 336 0
w 80 272 48 272 0
g 48 272 48 304 0
211 416 416 512 416 0 1 8000 1
a 512 448 624 448 8 15 -15 1000000 0 0 100000
a 544 240 656 240 8 5 -5 1000000 0 -1.733267042229869 100000
g 512 224 512 256 0
w 544 224 512 224 0
w 544 256 544 288 0
w 656 288 656 240 0
w 416 368 416 416 0
w 656 240 656 160 0
w 304 240 304 160 0
w 368 160 304 160 0
w 448 160 656 160 0
211 656 288 752 288 0 1 8000 1
174 368 160 416 160 0 100000 0.12380000000000002 Resistance
w 448 160 432 144 0
w 432 144 400 144 0
o 13 4 0 12546 2.330934931475352 0.0001 0 1
o 25 4 0 4354 10 0.1 0 1
