$ 1 0.000005 19.867427341514983 57 5 50
a 288 192 432 192 0 5 0 1000000 2.4999173874971334 0.8476673301612287
w 288 112 288 176 0
w 432 192 432 112 0
r 288 112 432 112 0 1000
r 192 112 288 112 0 1000
r 288 208 288 256 0 1000
g 288 256 288 304 0
r 288 208 192 208 0 1000
R 192 112 128 112 0 2 100 2.5 2.5 0 0.5
O 432 192 496 192 0
p 192 208 192 256 0 0
g 192 256 192 304 0
R 192 208 128 208 0 3 8.7 2.5 2.5 0 0.5
o 8 64 0 12546 5 0.0001 0 2 8 3
o 10 64 0 4098 7 0.00009765625 0 1
o 9 64 0 12546 4.180996721610623 0.0001 1 1
