$ 1 0.000005 23.47059216675035 57 5 50 5e-11
v -352 176 -352 32 0 1 20 5 0 0 0.5
g -48 192 -48 240 0 0
r -48 48 48 48 0 1000
r 48 80 192 80 0 33000
w 192 80 192 128 0
w 48 48 48 80 0
w 48 80 48 112 0
w -48 192 48 192 0
w 48 144 48 192 0
a 48 128 192 128 8 10.5 -10.5 1000000 -0.000011319898812097225 0 100000
O 192 192 256 128 0 0
t -192 80 -144 80 0 -1 0.20793948486106123 -0.5983022645618146 100 default
t -208 176 -144 176 0 1 0.20793948486106123 0.5990883205462434 100 default
w -144 96 -144 160 0
w -192 80 -208 176 0
r -192 80 -288 80 0 1000
174 -304 32 -304 176 1 100000 0.9158000000000001 Resistance
g -304 192 -304 240 0 0
w -288 112 -288 80 0
w -352 176 -304 192 0
R -144 0 -144 -80 0 0 40 12 0 0 0.5
R -144 256 -144 352 0 0 40 -12 0 0 0.5
r -144 192 -144 256 0 10000
r -144 0 -144 64 0 10000
w -144 96 -48 48 0
w 368 96 480 32 0
r 368 0 368 64 0 10000
r 368 192 368 256 0 10000
R 368 256 368 352 0 0 40 -12 0 0 0.5
R 368 0 368 -80 0 0 40 12 0 0 0.5
r 320 80 224 80 0 1000
w 320 80 304 176 0
w 368 96 368 160 0
t 304 176 368 176 0 1 0.5117048878932176 0.6005564467200059 100 default
t 320 80 368 80 0 -1 0.5117048878932176 -0.5976348918093561 100 default
O 720 112 784 112 0 0
a 576 112 720 112 8 10.5 -10.5 1000000 -0.000016959387713844192 0 100000
w 576 128 576 176 0
w 480 176 576 176 0
w 576 64 576 96 0
w 576 32 576 64 0
w 720 64 720 112 0
r 480 32 576 32 0 1000
g 480 176 480 224 0 0
w -304 32 -352 32 0
r 576 32 720 32 0 33000
w 720 32 720 64 0
r 192 128 192 192 0 10000
r 192 192 192 240 0 22000
g 192 240 192 272 0 0
w 192 192 224 80 0
162 48 48 192 48 2 default-led 1 0 0 0.01
162 192 16 48 16 2 default-led 1 0 0 0.01
w 48 48 48 16 0
w 192 48 192 16 0
w 1104 176 1104 208 0
r 960 176 1104 176 0 22000
g 864 320 864 368 0 0
r 864 176 960 176 0 1000
w 1104 208 1104 256 0
w 960 176 960 208 0
w 960 208 960 240 0
w 864 320 960 320 0
w 960 272 960 320 0
a 960 256 1104 256 8 10.5 -10.5 1000000 -0.0000041513155483263944 0 100000
O 1104 256 1168 256 0 0
t 704 224 752 224 0 -1 0.530639614708294 -0.5975132438179281 100 default
t 688 320 752 320 0 1 0.530639614708294 0.6015348621554183 100 default
w 752 240 752 304 0
w 704 224 688 320 0
r 704 224 608 224 0 1000
R 752 144 752 64 0 0 40 12 0 0 0.5
R 752 400 752 496 0 0 40 -12 0 0 0.5
r 752 336 752 400 0 10000
r 752 144 752 208 0 10000
w 752 240 864 176 0
r 720 112 720 176 0 10000
r 720 176 672 192 0 22000
g 672 192 624 176 0 0
w 608 224 720 192 0
w 720 192 720 176 0
162 960 128 1104 128 2 default-led 1 0 0 0.01
162 1104 112 960 112 2 default-led 1 0 0 0.01
w 960 128 960 112 0
w 960 176 960 128 0
w 1104 112 1104 128 0
w 1104 128 1104 176 0
o 0 64 0 4098 5 0.025 0 2 0 3
o 10 64 0 12546 0.8797293883416994 0.0001 1 1
o 35 64 0 12546 3.1849459932630437 0.0001 2 1
o 65 64 0 12290 1.183828589496508 0.0001 3 1
