$ 1 0.000005 10.20027730826997 57 5 50 5e-11
v -208 240 -208 96 0 3 40 3.5 0 0 0.5
g 96 256 96 304 0 0
r 96 112 192 112 0 1000
r 192 144 336 144 0 10000
w 336 144 336 192 0
w 192 112 192 144 0
w 192 144 192 176 0
w 96 256 192 256 0
w 192 208 192 256 0
a 192 192 336 192 8 5 -5 1000000 0.000006188440682823216 0 100000
O 336 192 400 192 0 0
t -48 144 0 144 0 -1 -0.49876631701743124 -0.5778694875260183 100 default
t -64 240 0 240 0 1 -0.49876631701743124 0.5715522272518385 100 default
w 0 160 0 224 0
w -48 144 -64 240 0
r -48 144 -144 144 0 1000
174 -160 96 -160 240 1 100000 0.15350000000000003 Resistance
g -160 256 -160 304 0 0
w -144 176 -144 144 0
w -208 240 -160 256 0
R 0 64 0 -16 0 0 40 5 0 0 0.5
R 0 320 0 416 0 0 40 -5 0 0 0.5
r 0 256 0 320 0 10000
r 0 64 0 128 0 10000
w 0 160 96 112 0
w 512 160 624 96 0
r 512 64 512 128 0 10000
r 512 256 512 320 0 10000
R 512 320 512 416 0 0 40 -5 0 0 0.5
R 512 64 512 -16 0 0 40 5 0 0 0.5
r 464 144 368 144 0 1000
w 464 144 448 240 0
w 512 160 512 224 0
t 448 240 512 240 0 1 -0.5339679037971796 0.5709816204390491 100 default
t 464 144 512 144 0 -1 -0.5339679037971796 -0.5815146007744667 100 default
O 864 176 928 176 0 0
a 720 176 864 176 8 5 -5 1000000 9.482864009960603e-7 0 100000
w 720 192 720 240 0
w 624 240 720 240 0
w 720 128 720 160 0
w 720 96 720 128 0
w 864 128 864 176 0
r 720 128 864 128 0 10000
r 624 96 720 96 0 1000
g 624 240 624 288 0 0
w 336 192 368 144 0
v -208 96 -208 32 0 3 3 3 0 0 0.5
w -160 96 -208 32 0
w 192 112 192 80 0
w 336 112 336 80 0
w 336 112 336 144 0
162 192 112 336 112 2 default-led 1 0 0 0.01
162 336 80 192 80 2 default-led 1 0 0 0.01
162 720 96 864 96 2 default-led 1 0 0 0.01
162 864 64 720 64 2 default-led 1 0 0 0.01
w 720 96 720 64 0
w 864 96 864 64 0
w 864 128 864 96 0
o 0 64 0 4098 5 0.025 0 2 0 3
o 10 64 0 12546 0.7510399970563308 0.0001 1 1
o 35 64 0 12546 0.7108180849507063 0.0001 2 1
