$ 1 0.000005 16.13108636308289 57 5 50
a 288 208 432 208 8 15 -15 1000000 -0.000006545410253230322 0 100000
w 288 128 288 192 0
w 432 208 432 128 0
w 288 224 288 272 0
g 288 272 288 304 0
w 288 192 240 192 0
w 240 192 240 160 0
w 240 192 240 224 0
r 240 160 176 160 0 10000
r 176 224 240 224 0 10000
R 176 160 128 160 0 1 200 5 0 0 0.5
R 176 224 128 224 0 2 20 2 0 0 0.5
O 560 256 624 256 0
174 288 96 384 96 0 10000 0.48020000000000007 Resistance
w 288 128 288 96 0
w 336 80 432 128 0
a 416 256 560 256 8 15 -15 1000000 0.000014399441774969915 0 100000
g 416 272 416 320 0
r 432 208 416 240 0 10000
r 416 240 560 208 0 22000
w 560 208 560 256 0
r 240 272 176 272 0 10000
w 240 224 240 272 0
R 176 272 112 304 0 4 200 5 0 0 0.5
o 10 64 0 4098 5 0.025 0 2 10 3
o 11 64 0 4098 2.5 0.0125 0 2 11 3
o 12 64 0 12546 7.394660879860803 0.0001 1 1
