$ 1 0.000005 1.500424758475255 50 5 50
151 256 160 368 160 0 2 0 5
151 256 288 368 288 0 2 5 5
w 368 160 368 192 0
w 368 192 256 256 0
w 368 288 368 256 0
w 368 256 256 192 0
w 256 192 256 176 0
w 256 256 256 272 0
M 240 32 320 32 0 2.5
M 48 336 128 336 0 2.5
x 159 120 191 123 4 24 set
x 381 207 399 210 4 24 Q
x 192 250 245 253 4 24 reset
x 391 281 409 284 6 24 Q
g 576 240 576 304 0
c 576 240 576 160 0 0.000002 -0.6681880807194978
r 576 160 496 160 0 5000
w 496 80 576 160 0
w 368 64 368 160 0
p 576 160 672 160 1 0
151 -16 144 96 144 0 2 5 5
w -16 128 -16 160 0
172 -16 128 -96 128 0 6 0.5 5 0 0 0.5 Voltage
w 96 144 256 144 0
151 592 80 704 80 0 2 5 5
w 592 96 592 64 0
p 704 80 736 80 1 0
w 704 80 688 384 0
r 576 160 560 80 0 500000
r 560 80 544 48 0 1000000
g 544 48 512 32 0
w 560 80 592 64 0
w -32 288 -16 160 0
S 256 304 224 304 0 0 false 0 2
w 240 368 224 320 0
w -32 288 224 288 0
w 176 16 176 32 0
w 240 368 688 384 0
c -80 128 -64 128 0 1e-7 -0.999999999999997
r -64 128 -64 208 0 1000
w -16 48 32 48 0
w -112 224 -64 208 0
R -112 224 -128 256 0 0 40 1 0 0 0.5
d 368 160 496 160 1 0.805904783
r 496 80 464 80 0 2000
d 464 80 368 64 1 0.805904783
o 19 64 0 4354 5 0.1 0 1
