$ 1 0.000005 10.20027730826997 50 5 50
151 176 144 288 144 0 2 -8.128763436562707e-18 5
151 448 128 512 128 0 2 5 5
w 448 112 448 144 0
w 448 144 400 144 0
r 400 192 400 240 0 2000
g 400 240 400 288 0
c 288 144 400 144 0 0.00001 -0.5258927886272264
L 96 176 48 176 0 0 false 5 0
w 544 128 544 64 0
w 544 64 176 64 0
w 176 64 176 128 0
151 96 192 144 192 0 2 5 5
w 96 176 96 208 0
w 144 192 176 160 0
151 576 128 608 128 0 2 0 5
w 576 112 576 144 0
w 544 128 576 144 0
w 608 128 624 128 0
g 448 208 448 240 0
w 512 128 544 128 0
d 448 208 448 144 1 0.805904783
d 400 144 400 192 1 0.805904783
o 17 64 0 4099 0.0000762939453125 0.00009765625 0 2 17 3
o 3 64 0 4099 2.5 0.00009765625 1 2 3 3
