$ 1 0.000005 1.500424758475255 50 5 50
151 256 160 368 160 0 2 5 5
151 256 288 368 288 0 2 5 5
w 368 160 368 192 0
w 368 192 256 256 0
w 368 288 368 256 0
w 368 256 256 192 0
w 256 192 256 176 0
w 256 256 256 272 0
M 368 160 448 160 0 2.5
M 368 288 448 288 0 2.5
x 159 120 191 123 4 24 set
x 438 138 456 141 4 24 Q
x 147 281 200 284 4 24 reset
x 438 266 456 269 6 24 Q
g 576 240 576 304 0
c 576 240 576 160 0 0.000002 -4.986421293190329
r 576 160 496 160 0 1000
w 496 160 496 64 0
w 496 64 368 64 0
w 368 64 368 160 0
p 576 160 672 160 1 0
151 -16 144 96 144 0 2 0 5
w -16 128 -16 160 0
172 -80 128 -160 128 0 6 2.9 5 0 0 0.5 Voltage
w 96 144 256 144 0
151 592 80 704 80 0 2 0 5
w 592 96 592 64 0
p 704 80 736 80 1 0
w 704 80 688 384 0
r 576 160 560 80 0 1000000
r 560 80 544 48 0 1100000
g 544 48 512 32 0
w 560 80 592 64 0
w -32 288 -16 160 0
S 256 304 224 304 0 0 false 0 2
w 240 368 224 320 0
w -32 288 224 288 0
w 176 16 176 32 0
w 240 368 688 384 0
c -80 128 -64 128 0 1e-7 0.39999999999999414
r -64 128 -64 208 0 1000
w -64 128 -16 128 0
w -112 224 -64 208 0
R -112 224 -128 256 0 0 40 2.5 0 0 0.5
o 20 64 0 4354 5 0.1 0 1
