$ 1 0.000005 10.20027730826997 57 5 50
v 96 256 96 112 0 1 40 0.35 2.35 0 0.5
g 96 256 96 304 0
w 192 208 192 256 0
a 192 192 336 192 1 5 0 1000000 2.691717672839992 2.69176167707535
w 336 192 336 256 0
r 192 256 336 256 0 5000
r 288 304 192 256 0 1000
w 96 112 192 112 0
O 336 192 400 192 0
a 144 304 288 304 1 5 0 1000000 2.3499765002349977 2.35
w 144 320 192 368 0
w 192 368 288 304 0
R 144 288 64 368 0 0 40 2.35 0 0 0.5
r 192 112 192 176 0 1000
o 0 64 0 12546 2.7 0.0001 0 2 0 3
o 8 64 0 12546 4.449850507794545 0.0001 1 1
