$ 1 0.000005 10.20027730826997 57 5 50
v 96 256 96 112 0 1 40 5 0 0 0.5
g 96 256 96 304 0
w 192 208 192 256 0
a 192 192 336 192 9 15 -15 1000000 0.02010854903165969 0.02010895120264032 100000
w 336 192 336 256 0
r 192 256 336 256 0 10000
r 96 256 192 256 0 10000
w 192 112 192 176 0
O 336 192 400 192 0
r 96 112 192 112 0 100000
r 64 80 192 80 0 100000
w 192 80 192 112 0
v 48 256 48 112 0 2 159 5 0 0 0.5
w 48 256 96 256 0
w 48 112 64 80 0
o 0 64 0 4098 5 0.00009765625 0 2 0 3
o 8 64 0 12546 9.999800003999919 0.0001 1 1
