$ 1 0.000005 7.619785657297057 50 5 50 5e-11
155 272 96 320 96 0 0
w 368 160 368 64 0
w 368 64 272 64 0
w 272 64 272 96 0
M 368 96 448 96 0 2.5
M 560 208 640 208 0 2.5
w 464 176 464 208 0
w 560 176 464 176 0
w 560 272 560 176 0
155 464 208 512 208 0 0
w 368 96 464 240 0
174 608 96 608 176 1 10000 0.7871 Mix
w 560 208 608 192 0
w 368 96 608 96 0
p 624 144 736 144 1 0 0
R -64 128 -128 128 0 4 440 3.5 0 0 0.5
a -32 144 16 144 9 12 -12 1000000 0 -1.628900447298252 100000
w -64 128 -32 128 0
g -32 160 -64 160 0 0
d 16 144 80 144 2 default
r 80 144 80 208 0 100000
g 80 208 80 240 0 0
w 80 144 272 128 0
c 624 144 688 -16 0 0.000001 2.4639466961353738 0.001
r 688 -16 688 80 0 100000
g 688 80 688 112 0 0
a 752 0 800 0 9 12 -12 1000000 -2.4233137189566882 -2.423337952093878 100000
w 688 -16 752 -16 0
w 752 16 736 16 0
w 736 16 736 48 0
w 736 48 816 48 0
w 816 48 816 0 0
w 816 0 800 0 0
p 832 144 816 48 1 0 0
o 4 64 0 4362 5 0.00009765625 0 2 5 0
o 14 64 0 4098 10 0.1 1 1
o 33 64 0 4354 10 0.1 2 1
