$ 1 0.000015625 5.934295036739208 61 10 50
a 304 368 432 368 0 15 -15 1000000 -6.944669942948421 9.728581250608286
w 304 352 304 304 0
r -16 304 112 304 0 10000
w 512 272 432 368 0
w 432 368 432 432 0
w 160 400 160 464 0
g 112 496 112 544 0
c 304 304 208 304 0 4e-7 -6.944669942948421
g 208 304 208 336 0
211 432 368 512 368 0 1 8000 1
174 384 480 240 448 0 100000 0.35150000000000003 Freq Volume
w 512 496 560 448 0
a 368 240 496 240 0 15 -15 1000000 -0.0001070854805325176 0
174 384 160 336 144 0 100000 0.35150000000000003 Volume
w 432 192 496 240 0
w 160 176 176 240 0
g 368 256 352 240 0
w 304 304 240 176 0
211 496 240 576 240 0 1 8000 1
r 608 416 560 416 0 100000
w 224 480 112 496 0
w 304 448 304 384 0
w 384 480 384 432 0
r 336 192 432 192 0 100000
w 336 192 368 224 0
w 240 176 352 144 0
w 384 432 432 432 0
w 336 192 320 160 0
174 480 256 528 272 0 10000 0.6980000000000001 Skew
d 544 304 544 256 1 0.805904783
d 480 256 480 288 1 0.805904783
w 480 288 480 304 0
w 480 304 544 304 0
w 480 304 304 304 0
o 7 8 0 4354 10 0.003125 0 2 7 3
o 9 16 0 4106 20 0.00009765625 1 1
o 18 16 0 4362 20 0.1 2 1
