$ 1 0.000015625 0.8031194996067259 61 10 50
a 304 368 432 368 0 15 -15 1000000 0.6435591664230011 1.5600095295237741
w 304 352 304 304 0
r 304 304 432 304 0 10000
w 432 304 432 368 0
w 432 368 432 432 0
w 160 400 160 464 0
g 112 496 112 544 0
c 304 304 208 304 0 4e-7 0.6435591664230011
g 208 304 208 336 0
211 432 368 512 368 0 1 8000 1
174 384 480 240 448 0 100000 0.8960000000000001 Freq Volume
w 512 496 560 448 0
a 368 240 496 240 0 15 -15 1000000 0.00006187412090322355 0
174 384 160 336 144 0 100000 0.8960000000000001 Volume
w 432 192 496 240 0
w 160 176 176 240 0
g 368 256 352 240 0
w 304 304 240 176 0
211 496 240 576 240 0 1 8000 1
r 608 416 560 416 0 100000
w 224 480 112 496 0
w 304 448 304 384 0
w 384 480 384 432 0
r 336 192 432 192 0 100000
w 336 192 368 224 0
w 240 176 352 144 0
w 384 432 432 432 0
w 336 192 320 160 0
o 7 8 0 4354 5 0.003125 0 2 7 3
o 9 16 0 4106 20 0.00009765625 1 1
o 18 16 0 4354 20 0.1 2 1
