$ 1 0.000015625 3.452441195350251 61 10 50
a 256 288 384 288 0 5 -5 1000000 -1.9685939624035964 -2.5000265691322716
w 256 272 256 224 0
r 256 224 384 224 0 10000
w 384 224 384 288 0
w 384 288 384 352 0
r 384 352 256 352 0 100000
w 256 304 256 352 0
r 256 352 160 352 0 100000
g 160 352 160 384 0
c 256 224 160 224 0 0.000001 -1.9685939624035964
g 160 224 160 256 0
211 512 384 592 384 0 1 8000 1
a 288 448 416 448 0 5 -5 1000000 -0.000039370698127128126 0
w 288 432 288 400 0
w 416 400 416 448 0
w 240 240 208 400 0
w 384 288 496 352 0
w 416 448 496 416 0
174 496 352 496 400 0 100000 0.7574000000000001 Resistance
w 240 240 256 224 0
r 416 400 288 400 0 200000
r 288 400 208 400 0 100000
g 288 464 256 496 0
o 9 8 0 12546 2.5022123470307855 0.0001 0 2 9 3
o 11 16 0 12546 4.996849353775649 0.0001 1 1
