$ 1 0.000015625 7.619785657297057 61 10 50
a 256 288 384 288 0 5 -5 1000000 0.5661410886430633 2.5000966952815538
w 256 272 256 224 0
r 512 304 576 304 0 10000
w 384 224 384 288 0
w 384 288 384 352 0
r 384 352 256 352 0 100000
w 256 304 256 352 0
r 256 352 160 352 0 100000
g 160 352 160 384 0
c 256 224 160 224 0 0.000001 0.5661410886430633
g 160 224 160 256 0
211 512 384 592 384 0 1 8000 1
a 288 448 416 448 0 5 -5 1000000 0.00001132248209839832 0
w 288 432 288 400 0
w 416 400 416 448 0
w 240 240 208 400 0
w 416 448 496 416 0
174 496 352 496 400 0 100000 0.2525 Resistance
w 240 240 256 224 0
r 416 400 288 400 0 200000
r 288 400 208 400 0 100000
g 288 464 256 496 0
d 320 192 256 192 1 0.805904783
w 448 240 448 272 0
d 576 304 640 304 1 0.805904783
r 320 192 384 192 0 5000
w 480 272 480 304 0
174 496 208 576 224 0 20000 0.49010000000000004 Resistance
w 544 224 544 240 0
d 544 240 496 240 1 0.805904783
d 544 240 592 240 1 0.805904783
w 592 208 592 240 0
w 496 208 496 240 0
w 256 224 496 208 0
w 384 224 592 208 0
w 384 288 496 352 0
o 9 8 0 12546 2.5014418223030668 0.0001 0 2 9 3
o 11 16 0 12554 4.9988413822307605 0.0001 1 1
