$ 1 0.000015625 0.8031194996067259 61 10 50
a 176 256 304 256 0 5 0 1000000 2.5385090488446083 3.750060575076921
w 176 240 176 192 0
r 176 192 304 192 0 4000
w 304 256 304 320 0
r 304 320 176 320 0 100000
w 176 272 176 320 0
r 176 320 80 320 0 100000
c 128 192 32 192 0 0.000001 2.5385090488446083
g 32 192 32 224 0
211 304 256 384 256 0 1 8000 1
r 176 128 304 128 0 500
w 176 192 176 128 0
d 304 128 352 128 1 0.805904783
d 352 192 304 192 1 0.805904783
w 352 128 352 192 0
w 304 256 352 192 0
R 80 320 16 320 0 0 40 2.5 0 0 0.5
a 416 96 544 96 0 5 0 1000000 2.5384832791790246 2.5385090488446083
r 368 32 416 32 0 100000
r 416 32 544 32 0 100000
w 544 32 544 96 0
w 416 32 416 80 0
R 368 32 304 32 0 0 40 2.5 0 0 0.5
R 464 288 400 288 0 0 40 2.5 0 0 0.5
w 464 208 464 256 0
w 592 208 592 272 0
r 464 208 592 208 0 100000
r 416 208 464 208 0 100000
a 464 272 592 272 0 5 0 1000000 2.4999757701501806 2.5
w 176 128 176 112 0
w 416 112 176 112 0
w 544 96 416 208 0
174 592 96 592 192 0 10000 0.9950000000000001 Attenuverter
w 592 208 592 192 0
w 544 96 592 96 0
w 608 144 624 144 0
c 128 160 32 160 0 0.000009999999999999999 3.3966111686260776
w 32 160 32 192 0
S 160 176 128 176 0 0 false 0 2
w 176 192 160 176 0
g 464 368 384 352 0
174 464 320 464 352 0 10000 0.005 Offset
w 464 352 464 368 0
w 480 336 576 336 0
R 368 432 304 432 0 0 40 2.5 0 0 0.5
R 368 464 304 464 0 0 40 2.5 0 0 0.5
R 464 320 400 320 0 0 40 5 0 0 0.5
R 576 496 512 496 0 0 40 5 0 0 0.5
174 576 304 576 336 0 10000 0.49010000000000004 Scale
w 624 144 576 304 0
p 592 320 592 368 1 0
o 9 16 0 2346 9.353610478917778 2.44140625e-55 0 -1 0
o 20 16 0 2082 9.353610478917778 0.00009134385233318143 1 -1 0
o 25 16 0 2082 5 0.00078125 2 -1 0
o 35 16 0 2338 9.353610478917778 0.00036537540933272573 3 -1 0
o 43 16 0 2082 5 0.000390625 4 -1 0
o 50 16 0 2338 5 0.00009765625 5 -1 0
