$ 1 0.000015625 8.281975887399955 61 10 50
a 304 368 432 368 8 3.5 -3.5 1000000 -0.8154339970567333 -2.631715507254158 100000
w 304 352 304 304 0
r 304 304 432 304 0 25000
w 432 304 432 368 0
w 432 368 432 432 0
r 432 432 304 432 0 33000
w 304 384 304 432 0
r 304 432 208 432 0 100000
c 304 304 208 304 0 0.0000010000000000000002 -0.8154339970567333
g 208 304 144 304 0
211 432 368 512 368 0 1 8000 1
r 400 480 304 480 0 100000
R 400 480 448 480 0 0 40 5 0 0 0.5
w 208 432 208 304 0
w 432 304 432 240 0
w 304 304 304 240 0
162 352 240 304 240 2 default-led 1 0 0 0.01
162 432 240 352 240 2 default-led 1 0 0 0.01
o 8 8 0 4099 10 0.4 0 2 8 3
o 10 16 0 4362 20 0.00009765625 1 1
o 1 16 0 37123 10 0.00009765625 2 2 1 3
