$ 1 0.000015625 1.700203994009402 60 6 50
a 160 368 272 368 8 5 -5 1000000 0 -0.4416644733835358 100000
w 160 384 160 448 0
w 160 448 272 448 0
r 272 368 272 448 0 10000
a 384 384 496 384 8 5 -5 1000000 -0.000041167152146802665 0 100000
r 272 448 352 448 0 10000
w 352 448 496 448 0
w 496 448 496 384 0
w 496 384 496 320 0
c 384 320 496 320 0 1.0000000000000001e-7 -4.116756381832413
w 384 320 384 368 0
g 384 400 384 416 0
w 160 352 128 352 0
g 128 352 128 384 0
211 496 384 592 384 0 1 8000 1
211 272 272 368 272 0 1 8000 1
w 272 272 272 368 0
174 304 320 352 320 0 50000 0.11390000000000002 Frequency
w 304 320 272 368 0
w 384 320 336 304 0
o 14 4 0 13058 5.07697282284814 0.0001 0 1
o 15 4 0 13058 5.0005000203806 0.0001 0 1
