$ 1 0.000015625 1.8479586061009856 61 10 50
a 304 368 432 368 8 3.5 -5 1000000 0.15098130296542805 2.443110135156304 100000
w 304 352 304 304 0
r 304 304 432 304 0 10000
w 432 304 432 368 0
w 432 368 432 432 0
r 368 432 304 432 0 100000
w 304 384 304 432 0
r 304 432 208 432 0 100000
g 208 432 208 464 0
c 304 304 208 304 0 1.0000000000000001e-7 0.15098130296542805
g 208 304 208 336 0
211 432 368 512 368 0 1 8000 1
a 320 208 448 208 8 5 -5 1000000 0.15097828339976005 0.15098130296542805 100000
w 304 304 320 224 0
r 320 192 256 192 0 100000
r 336 160 448 160 0 100000
w 448 160 448 208 0
w 336 160 320 192 0
g 256 192 192 192 0
p 448 208 528 208 1 0
d 368 432 432 432 1 0.805904783
d 432 432 368 464 1 0.805904783
r 368 464 304 464 0 33000
w 304 464 304 432 0
o 9 8 0 4354 5 0.003125 0 2 9 3
o 11 16 0 12554 5.000477784685776 0.0001 1 1
o 19 16 0 4354 10 0.1 2 1
