$ 1 0.000015625 0.8372897488127266 60 6 50
a 160 368 272 368 8 3.5 -5 1000000 -0.33 -0.15623681413547222 100000
w 160 384 160 448 0
w 160 448 272 448 0
r 272 368 272 448 0 10000
a 384 384 496 384 8 3.5 -5 1000000 -0.329970378006703 -0.33 100000
r 272 448 352 448 0 33000
w 352 448 496 448 0
w 496 448 496 384 0
w 496 384 496 320 0
c 384 320 496 320 0 1.0000000000000001e-7 2.632228951698163
w 384 320 384 368 0
r 272 368 384 368 0 10000
w 160 352 128 352 0
211 496 384 592 384 0 1 8000 1
R 112 288 80 288 0 0 40 -0.33 0 0 0.5
w 112 288 128 352 0
w 384 400 112 288 0
r 272 496 352 496 0 10000
w 272 448 272 496 0
w 352 496 352 448 0
o 13 4 0 12546 3.331870649370348 0.0001 0 1
