$ 1 0.000015625 1.5642631884188172 61 10 50
a 304 368 432 368 0 5 -5 1000000 1.9250311548184131 -2.50022126012359
w 304 352 304 304 0
r 304 304 432 304 0 5000
w 432 304 432 368 0
w 432 368 432 432 0
r 432 432 304 432 0 100000
w 304 384 304 432 0
r 304 432 208 432 0 100000
g 208 432 208 464 0
c 304 304 208 304 0 0.000001 1.9250311548184131
g 208 304 208 336 0
211 432 368 512 368 0 1 8000 1
a 400 480 528 480 0 5 -5 1000000 0.000038499468112324896 0
w 208 432 400 496 0
r 416 448 480 432 0 200000
w 480 432 528 480 0
w 416 448 400 464 0
r 416 448 352 448 0 100000
w 304 352 352 448 0
p 528 480 560 480 1 0
174 496 304 528 336 0 100000 0.7673000000000001 Resistance
w 432 368 496 304 0
w 528 480 496 336 0
p 528 320 560 320 1 0
o 9 8 0 12546 2.5049408016060375 0.0001 0 2 9 3
o 11 16 0 12298 5.000499693400159 0.0001 1 1
o 19 16 0 4354 10 0.1 2 1
o 23 16 0 4354 10 0.1 3 1
