$ 1 0.000005 10.20027730826997 57 5 50
g 144 288 144 336 0
r 192 144 240 144 0 1000
r 240 176 384 176 0 3000
w 384 176 384 224 0
w 240 144 240 176 0
w 240 176 240 208 0
w 240 240 176 240 0
a 240 224 384 224 0 5 0 1000000 2.499981748740455 2.5
O 384 224 448 224 0
183 112 208 144 208 0 0.5 1.66 3.33
r 96 176 144 176 0 1000
w 144 176 144 208 0
w 112 208 96 208 0
w 96 176 96 208 0
c 96 208 96 288 0 0.00001 2.7249609294832897
w 144 288 96 288 0
p 256 112 304 112 1 0
a 112 112 256 112 0 15 -15 1000000 2.7249336801464885 2.7249609294832897
w 112 96 112 64 0
w 112 64 256 64 0
w 256 64 256 112 0
w 96 176 112 128 0
w 256 112 192 144 0
R 176 192 176 176 0 0 40 5 0 0 0.5
r 176 192 176 240 0 1000
r 176 240 144 288 0 1000
o 8 64 0 12546 5.0014213973191675 0.0001 0 1
o 16 64 0 12546 3.3305117052324746 0.0001 1 1
