$ 1 0.000005 10.20027730826997 50 5 50
R 128 64 48 64 0 2 40 2.5 2.5 0 0.5
a 448 288 512 288 1 5 0 1000000 4.95 0
w 288 176 320 176 0
172 448 304 400 320 0 6 4.95 5 0 0 0.5 Threshold CV
r 352 272 448 272 0 1000
c 128 64 160 64 0 0.000001 4.999934802284163
r 160 64 160 112 0 1000
g 160 112 160 128 0
w 160 64 224 64 0
r 224 64 272 64 0 1000
a 272 80 352 80 1 5 0 1000000 2.35 0.00006519771583682438
w 352 80 400 80 0
172 272 96 240 96 0 6 2.35 5 0 0 0.5 Voltage
c 528 80 528 128 0 0.000001 2.8824973937958194
g 528 128 528 160 0
d 160 288 240 288 1 0.805904783
d 192 240 112 240 1 0.805904783
w 400 32 400 80 0
w 512 288 560 288 0
w 560 80 560 208 0
w 560 208 352 208 0
w 320 208 320 272 0
r 448 80 528 80 0 10000
d 448 80 400 80 1 0.805904783
d 400 32 528 32 1 0.805904783
w 528 32 528 80 0
w 528 80 560 80 0
o 0 64 0 4098 5 0.0015625 0 2 0 3
o 11 64 0 12290 5.000263746258583 0.0001 0 2 11 3
o 18 64 0 12546 0.000495 0.0001 0 2 18 3
o 19 64 0 4354 10 0.00009765625 0 2 19 3
