$ 1 0.000005 10.20027730826997 50 5 50
v 48 272 48 128 0 2 60 5 0 0 0.5
r 176 128 176 272 0 1000
d 176 128 304 128 1 0.805904783
w 48 272 176 272 0
c 48 128 176 128 0 0.00001 3.5396814290180787
O 304 128 368 128 0
r 528 32 528 176 0 100
w 176 272 304 272 0
174 304 128 304 240 0 1000 0.8960000000000001 Resistance
w 304 272 320 272 0
w 320 272 320 192 0
a 384 224 448 224 1 5 0 1000000 4 0.8290491887543564
w 304 128 384 208 0
p 448 224 512 224 1 0
172 384 240 352 320 0 6 4 5 0 0 0.5 Voltage
o 5 64 0 12547 5.561102041229537 0.0001 0 1
o 13 64 0 12546 5.000156105204122 0.0001 0 1
o 0 64 0 4098 5 0.0125 0 2 0 3
