$ 1 0.000005 10.20027730826997 50 5 50
v 112 288 112 144 0 2 40 5 0 0 0.7000000000000001
r 240 144 240 288 0 10000
d 240 144 368 144 1 0.805904783
w 112 288 240 288 0
c 112 144 240 144 0 0.0000010000000000000002 1.0131443975976424
O 368 144 432 144 0
r 368 144 368 288 0 10000
w 240 288 368 288 0
a 416 96 464 96 0 5 0 1000000 3.35 2.821511687484124e-8
w 368 144 416 112 0
w 464 96 496 96 0
172 416 80 352 80 0 6 3.35 5 0 0 0.5 Voltage
o 5 64 0 12547 4.85014045469967 0.0001 0 1
o 10 64 0 12546 5.00015000904547 0.0001 1 2 10 3
