$ 1 0.000005 30.13683688681966 57 5 50 5e-11
v -480 240 -480 176 0 2 5 2.5 2.5 0 0.3
g -480 240 -480 256 0 0
a -400 112 -304 112 8 10.5 -10.5 1000000 0 1 100000
w -400 176 -480 176 0
c -256 160 -304 160 0 1.0000000000000001e-7 1.582811851873128 0.001
a -128 64 -32 64 8 10.5 -10.5 1000000 12.082911841373127 -7.840800000000003 100000
R -448 128 -448 80 0 0 40 1 0 0 0.5
r -256 160 -256 224 0 330000
w -256 160 -224 160 0
a -320 32 -224 32 8 10.5 -10.5 1000000 9.999800003999885e-7 0 100000
r -320 -48 -224 -48 0 100000
w -224 32 -224 -16 0
r -416 -16 -320 -16 0 100000
r -416 -80 -320 -80 0 100000
r -416 -48 -320 -48 0 100000
w -320 -16 -320 -48 0
R -448 32 -480 32 0 0 40 -12 0 0 0.5
174 -448 0 -448 32 1 10000 0.8267000000000001 PulseLength
w -416 16 -432 16 0
R -448 0 -480 0 0 0 40 12 0 0 0.5
R -528 -32 -576 -32 0 1 5 0.1 0 0 0.5
207 -32 64 -32 16 4 pulse
207 -528 -32 -528 -64 4 pulse\slength\sCV
a -208 320 -112 320 8 10.5 -10.5 1000000 1 0 100000
w -208 336 -240 336 0
174 32 304 112 304 1 100000 0.7178000000000001 Sustain
g 128 304 176 304 0 0
r 80 288 80 128 0 100000
w 32 128 80 128 0
w -240 336 -304 336 0
a 80 64 176 64 8 3.5 -3.5 1000000 0 0 100000
w 80 128 80 80 0
w 80 48 80 0 0
w 80 0 176 0 0
w 176 0 176 64 0
207 176 0 176 -48 4 target\svoltage
a 336 48 432 48 8 3.5 -3.5 1000000 -2.871489983053747e-18 -2.8715186979535773e-18 100000
w 336 32 336 0 0
w 336 0 432 0 0
w 432 0 432 48 0
w 336 64 304 64 0
c 304 64 304 144 0 0.000001 -2.8715186979535773e-18 0.001
g 304 144 304 176 0 0
d 176 0 224 0 2 default
d 224 64 176 64 2 default
w 304 64 304 0 0
174 224 0 288 0 1 100000 0.0347 Rise
w 288 0 304 0 0
w 256 -16 288 -16 0
w 288 -16 288 0 0
174 224 64 288 64 1 100000 0.08420000000000001 Fall
w 304 64 288 64 0
w 288 64 288 48 0
w 288 48 256 48 0
207 432 0 432 -48 4 envelope\sout
162 -32 64 -32 112 2 default-led 1 0 0 0.01
r -32 112 -32 144 0 1000
g -32 144 -32 160 0 0
p 432 48 464 48 1 0 0
r -256 224 -256 256 0 100
d -224 160 -224 224 2 default
w -224 224 -256 224 0
p -128 48 -160 16 1 0 0
x 219 -44 376 -41 4 24 real:\s500k\spots
x -442 219 -270 222 4 24 real:\s1M\sresistor
162 432 48 432 96 2 default-led 1 0 0 0.01
r 432 96 432 128 0 1000
g 432 128 432 160 0 0
a -96 208 0 208 8 10.5 -10.5 1000000 0 0 100000
w -224 160 -224 112 0
w -224 80 -224 48 0
w -224 48 -128 48 0
g -320 48 -352 48 0 0
R -256 256 -288 256 0 0 40 12 0 0 0.5
w -224 112 -224 80 0
R -208 304 -208 256 0 0 40 1 0 0 0.5
w -400 176 -400 336 0
w -400 336 -304 336 0
207 -112 320 -112 272 4 gate
w -448 128 -400 128 0
w -400 176 -416 112 0
w -416 112 -400 96 0
w -304 112 -304 160 0
w -416 16 -128 80 0
w -320 16 -320 -16 0
w -224 -16 -224 -48 0
w -320 -48 -320 -80 0
172 -416 -80 -448 -80 0 7 0.09999999999999964 5 -5 0 0.5 PulseLengthCV
o 21 64 0 12546 10.503527895148128 0.0001 0 4 21 3 78 0 78 3
