$ 1 0.000005 10.20027730826997 50 5 50
v 48 272 48 128 0 2 60 2.5 2.5 0 0.5
r 176 128 176 272 0 1000
d 176 128 304 128 1 0.805904783
w 48 272 176 272 0
c 48 128 176 128 0 0.00001 1.9810295786535836
O 304 128 368 128 0
r 528 32 528 176 0 100
w 176 272 304 272 0
174 304 128 304 240 0 1000 0.8960000000000001 Resistance
w 304 272 320 272 0
w 320 272 320 192 0
a 384 224 448 224 1 5 0 1000000 1.9 3.203212428798967e-8
w 304 128 384 208 0
p 448 224 512 224 1 0
172 336 272 304 352 0 6 3.8 5 0 0 0.5 Voltage
r 336 272 352 320 0 1000
r 352 320 368 368 0 1000
g 368 368 384 384 0
w 352 320 384 240 0
o 5 64 0 12547 2.522377544774011 0.0001 0 1
o 13 64 0 12546 5.000252232754477 0.0001 0 1
o 0 64 0 4098 5 0.0125 0 2 0 3
