$ 1 0.000005 6.450009306485578 50 5 50
c 208 128 368 128 0 0.000001 1.554750956335956
O 480 160 576 192 0
g 368 256 368 288 0
R 208 160 144 160 0 2 80 2.5 2.5 0 0.5
183 432 160 480 160 0 0.5 1.66 3.33 5 0
O 384 96 480 128 0
w 368 128 384 96 0
r 384 128 416 160 0 100000
w 368 128 384 128 0
w 416 160 432 160 0
172 416 224 416 288 0 7 1.7 5 0 0 0.5 Voltage
w 208 160 208 128 0
d 304 240 368 128 2 default
w 304 240 368 256 0
174 368 128 368 224 1 10000 0.8564 Resistance
w 384 176 368 256 0
o 1 16 0 36866 5 0.00009765625 0 1 out
o 5 16 0 12547 5.398508848090441 0.0001 0 1
