$ 1 0.000005 6.450009306485578 50 5 50
c 240 224 272 224 0 0.000001 0.009603713639288594
r 272 224 272 272 0 500
O 336 192 352 160 0
g 272 272 272 304 0
R 240 224 192 224 0 2 80 2.5 2.5 0 0.5
a 368 240 448 240 1 5 0 1000000 2.985 5.038607894129337e-11
w 432 112 528 112 0
172 320 288 320 256 0 6 3 5 0 0 0.5 Voltage
O 448 240 464 176 0
d 416 192 400 112 1 0.805904783
g 320 352 320 384 0
d 128 352 176 304 1 0.805904783
R 336 128 240 128 0 0 40 5 0 0 0.5
174 320 288 320 336 0 10000 0.005 Scale
w 336 320 368 256 0
w 400 336 400 352 0
t 320 176 336 176 0 1 -5.009603713639288 -0.009603713689674673 100
w 272 224 320 176 0
r 336 256 336 208 0 1000
w 336 128 336 160 0
w 336 208 336 192 0
g 336 256 352 272 0
w 336 192 368 224 0
o 2 16 0 12546 4.362524185473768 0.0001 0 1 out
o 4 16 0 4354 5 0.00625 1 2 4 3
o 8 16 0 12290 5.000137747418546 0.0001 2 1
h 3 1 0
