$ 1 0.000015625 0.7087504708082256 60 6 50
a 160 368 272 368 0 5 0 1000000 2.5 3.8157365359014834
w 160 384 160 448 0
w 160 448 272 448 0
r 272 368 272 448 0 10000
a 384 384 496 384 0 5 0 1000000 2.4999677646098046 2.5
r 272 448 352 448 0 5000
w 352 448 496 448 0
w 496 448 496 384 0
w 496 384 496 320 0
c 384 320 464 256 0 1.0000000000000001e-7 -1.4708001635004129
w 384 320 384 368 0
r 384 224 496 224 0 10000
w 160 352 128 352 0
211 496 384 592 384 0 1 8000 1
R 144 256 112 256 0 0 40 2.5 0 0 0.5
w 144 256 128 352 0
R 384 400 352 400 0 0 40 2.5 0 0 0.5
174 288 288 368 288 0 10000 0.005 Resistance
w 384 288 384 320 0
w 336 272 272 368 0
c 464 256 496 320 0 1.0000000000000001e-7 0.7472289085847881
o 13 4 0 12554 3.7744966907757944 0.0001 0 1
