$ 1 0.000015625 3.1763992386181834 61 10 50
a 304 368 432 368 0 5 0 1000000 1.6609071731175353 3.7500919568665116
w 304 352 304 304 0
r 96 192 224 192 0 5000
w 432 320 432 368 0
w 432 368 432 432 0
r 432 432 304 432 0 100000
w 304 384 304 432 0
r 304 432 208 432 0 100000
c 304 304 208 304 0 0.000001 1.6609071731175353
g 208 304 208 336 0
211 432 368 512 368 0 1 8000 1
a 512 176 640 176 0 5 0 1000000 2.4999666095734505 2.5
174 432 112 592 128 0 10000 0.5 Amplitude
w 592 112 640 176 0
w 512 128 512 160 0
w 640 176 704 176 0
a 304 256 432 256 0 5 0 1000000 1.6608905642118932 1.6609071731175353
w 304 304 304 272 0
w 432 256 432 208 0
w 432 208 304 208 0
w 304 208 304 240 0
r 432 208 432 160 0 5000
w 432 160 512 160 0
174 528 256 528 320 0 10000 0.5 Offset
g 528 320 528 336 0
R 528 256 576 240 0 0 40 5 0 0 0.5
w 544 288 512 192 0
a 80 464 208 464 0 5 0 1000000 2.4999750002499974 2.5
r 48 432 48 480 0 100000
r 48 480 48 528 0 100000
w 48 480 80 480 0
w 80 448 80 416 0
w 80 416 208 416 0
w 208 416 208 432 0
w 208 432 208 464 0
g 48 528 48 544 0
R 48 432 48 384 0 0 40 5 0 0 0.5
211 432 576 512 576 0 1 8000 1
174 304 304 400 320 0 10000 0.5 Speed
w 432 320 352 320 0
o 8 8 0 12546 3.752317700238058 0.0001 0 2 8 3
o 10 16 0 12298 5.000249847235073 0.0001 1 1
o 15 16 0 12546 3.75225513625908 0.0001 2 2 15 3
