$ 1 0.000015625 0.8031194996067259 61 10 50
a 304 368 432 368 0 5 0 1000000 2.3804803008453947 0.15604145885856374
w 304 352 304 304 0
r 304 304 432 304 0 1000
w 432 304 432 368 0
w 432 368 432 432 0
r 432 432 304 432 0 10000
w 304 384 304 432 0
r 304 432 208 432 0 100000
g 176 448 176 480 0
c 304 304 208 304 0 0.000001 2.3804803008453947
g 208 304 208 336 0
211 432 368 512 368 0 1 8000 1
r 176 448 176 416 0 100000
r 176 416 176 368 0 100000
R 176 368 160 336 0 0 40 5 0 0 0.5
w 176 416 208 432 0
o 9 8 0 12546 4.8454607951209665 0.0001 0 2 9 3
o 11 16 0 12554 5.001305556314936 0.0001 1 1
