$ 1 0.000005 10.20027730826997 57 5 50 5e-11
a 464 224 608 224 8 15 -15 1000000 -0.00001806627857843056 0 100000
w 608 224 608 144 0
r 464 144 608 144 0 100000
r 224 80 320 80 0 47000
g 464 240 464 288 0 0
r 320 112 224 112 0 47000
R -32 112 -80 112 0 4 60 3.5 0 0 0.5
O 608 224 672 224 0 0
a 48 48 192 48 8 5 -5 1000000 0.000010184796098461897 0 100000
r 48 -16 192 -16 0 1000
w 192 -16 192 48 0
w 48 -16 48 32 0
g 48 64 48 80 0 0
r 48 -16 0 -16 0 1000
w 0 176 32 192 0
g -32 240 -32 288 0 0
w 320 80 320 112 0
r -32 176 -32 240 0 100000
w 0 176 -32 176 0
w 320 112 464 144 0
w 464 144 464 208 0
w -32 112 0 -16 0
d 192 48 224 48 2 default
w 0 -16 0 -48 0
w 0 -48 192 -48 0
d 192 -48 224 -48 2 default
w 224 -48 224 48 0
p 224 -48 304 -48 1 0 0
w 224 48 224 80 0
174 176 96 192 160 1 10000 0.3416 Offset
g 176 96 144 96 0 0
R 176 160 176 208 0 0 40 -5 0 0 0.5
w 192 128 224 112 0
o 6 64 0 4354 7 0.025 0 2 6 3
o 16 64 0 4354 0.0000762939453125 0.0015625 1 2 16 3
o 7 64 0 12546 3.467982999950902 0.0001 2 1
o 27 64 0 4098 5 0.1 3 1
