$ 1 0.000005 10.20027730826997 57 5 50 5e-11
v 96 224 96 112 0 4 40 2.5 0 0 0.5
g 48 224 48 272 0 0
a 192 192 336 192 9 3.5 -3.5 1000000 -0.42400001306942814 0.717732653415952 100000
w 96 112 192 112 0
O 576 160 576 192 0 0
w 96 224 48 224 0
a 480 80 576 80 9 3.5 -3.5 1000000 0.000007117885816460652 0 100000
w 192 112 352 112 0
g 480 64 480 32 0 0
r 480 96 352 112 0 100000
w 480 96 480 160 0
r 480 160 384 176 0 100000
r 480 160 576 160 0 100000
w 576 160 576 80 0
174 336 192 336 272 1 10000 0.6683 Depth
g 336 288 336 336 0 0
w 352 240 384 176 0
w 192 208 176 208 0
w 176 208 192 112 0
w 144 176 192 176 0
R 144 176 128 304 0 1 3 1 0 0 0.5
o 0 64 0 4354 5 0.00009765625 0 2 0 3
o 4 128 0 12546 2.135709099747996 0.0001 1 1
