$ 1 0.000005 10.20027730826997 57 5 50 5e-11
v 96 224 96 112 0 4 40 5.5 0 0 0.5
g 48 224 48 272 0 0
a 192 192 336 192 9 10.5 -10.5 1000000 5.169999995169439 -2.626646586360795 100000
w 96 112 192 112 0
O 576 160 576 192 0 0
w 96 224 48 224 0
a 480 80 576 80 9 10.5 -10.5 1000000 0.00003013568178569123 0 100000
w 192 112 352 112 0
g 480 64 480 32 0 0
r 480 96 352 112 0 100000
w 480 96 480 160 0
r 480 160 384 176 0 220000
w 576 160 576 80 0
174 336 208 336 272 1 10000 0.5594 Depth
g 336 288 336 336 0 0
w 352 240 384 176 0
w 192 208 176 208 0
w 176 208 192 112 0
w 144 176 192 176 0
R 144 176 128 304 0 1 7 3 0 0 0.5
174 480 160 576 160 1 100000 0.9752000000000001 PostGain
w 528 144 576 160 0
w 336 272 336 288 0
w 336 208 336 192 0
o 0 64 0 4354 10 0.00009765625 0 2 0 3
o 4 128 0 12546 7.208449662364215 0.0001 1 1
