$ 1 0.000005 10.20027730826997 57 5 50
v 16 224 16 80 0 4 40 5 0 0 0.5
g 16 224 16 272 0
w 112 176 112 224 0
a 112 160 256 160 1 5 -5 1000000 -4.385962290480291 -4.3860000097261
w 256 160 256 224 0
r 112 224 256 224 0 10000
r 112 304 112 224 0 10000
w 16 80 112 80 0
w 112 80 112 144 0
O 368 112 320 112 0
a 160 80 304 80 1 5 -5 1000000 -2.3 -4.3860000097261
172 160 96 144 96 0 6 -2.3 5 -5 0 0.5 Voltage
w 112 80 160 64 0
160 368 112 400 112 0 20 10000000000
w 304 80 384 96 0
w 256 160 400 128 0
w 112 80 160 32 0
w 160 32 400 48 0
w 400 48 400 96 0
R 112 304 96 336 0 0 40 -5 0 0 0.5
o 0 64 0 4098 10 0.00009765625 0 2 0 3
o 9 64 0 12546 4.999999991055199 0.0001 1 1
