$ 1 0.000005 10.20027730826997 57 5 50
v 96 224 96 112 0 3 40 5 0 0 0.5
g 48 224 48 272 0
w 192 208 192 256 0
a 192 192 336 192 1 5 -5 1000000 0.06004880921181867 0.0600000101280529
w 336 192 336 256 0
r 192 256 336 256 0 1000
r 96 256 192 256 0 1000
w 96 112 192 112 0
w 192 112 192 176 0
O 336 192 400 192 0
w 96 224 48 224 0
a 192 304 336 304 1 5 -5 1000000 0 0.0600000101280529
g 192 320 144 320 0
w 96 112 192 288 0
w 336 304 336 336 0
w 336 336 96 352 0
w 96 352 96 256 0
a 368 240 464 240 1 5 -5 1000000 -4.879859577981594 -4.879908376577374
w 336 192 368 224 0
w 368 256 368 288 0
w 368 288 464 240 0
174 464 240 336 96 0 100000 0.6881 Resistance
w 192 112 464 80 0
p 336 160 288 144 1 0
o 0 64 0 4354 5 0.00009765625 0 2 0 3
o 9 128 0 12546 4.999999595040972 0.0001 1 1
o 23 128 0 4098 5 0.1 2 1
