$ 1 0.000005 10.20027730826997 57 5 50
v 96 224 96 112 0 4 40 5 0 0 0.5
g 48 224 48 272 0
w 192 208 192 256 0
a 192 192 336 192 1 5 -5 1000000 -3.699976004096039 -3.6999999999161712
w 336 192 336 256 0
r 192 256 336 256 0 1000
r 96 256 192 256 0 1000
w 96 112 192 112 0
w 192 112 192 176 0
O 336 192 400 192 0
w 96 224 48 224 0
172 368 96 368 144 0 6 0 5 -5 0 0.5 Voltage
a 192 304 336 304 1 5 -5 1000000 0 -3.6999999999161712
g 192 320 144 320 0
w 96 112 192 288 0
w 336 304 336 336 0
w 336 336 96 352 0
w 96 352 96 256 0
o 0 64 0 4354 5 0.00009765625 0 2 0 3
o 9 128 0 12546 4.999999970001742 0.0001 1 1
