$ 1 0.000005 10.20027730826997 57 5 50
a 464 224 608 224 0 15 -15 1000000 0.000043282431204499465 0
w 352 128 352 192 0
w 608 224 608 144 0
r 464 144 608 144 0 200000
r 224 80 320 80 0 100000
g 464 240 464 288 0
r 320 112 224 112 0 100000
R -32 112 -80 112 0 4 60 5 0 0 0.5
O 608 224 672 224 0
p 192 208 192 256 0 0
g 192 256 192 304 0
a 48 48 192 48 0 5 -5 1000000 -0.22385428260743023 0
r 48 -16 192 -16 0 2000
w 192 -16 192 48 0
w 48 -16 48 32 0
g 48 64 48 80 0
r 48 -16 0 -16 0 1000
w 0 176 32 192 0
g -32 240 -32 288 0
174 -32 112 -32 176 0 100000 0.005 Resistance
w 0 144 -16 144 0
a 32 176 112 176 0 5 -5 1000000 -2.8357926141252756 -2.8358209720514167
w 32 160 32 128 0
w 32 128 112 128 0
w 112 128 112 176 0
w 32 128 0 -16 0
w 320 80 320 112 0
w 112 128 224 112 0
w 192 48 224 80 0
r -32 176 -32 240 0 100000
w 0 144 0 176 0
w 0 176 -32 176 0
w 320 112 464 144 0
w 464 144 464 208 0
o 7 64 0 4354 7 0.025 0 2 7 3
o 13 64 0 4354 10 0.0125 1 2 13 3
o 17 64 0 4354 5 0.0001953125 2 2 17 3
o 26 64 0 4354 0.000152587890625 0.0015625 3 2 26 3
o 8 64 0 4098 20 0.1 4 1
