$ 1 0.000005 10.20027730826997 57 5 50
a 464 224 608 224 0 15 -15 1000000 0 0
w 352 128 352 192 0
w 608 224 608 144 0
r 464 144 608 144 0 1000
r 224 80 320 80 0 100000
r 464 240 464 288 0 1000
g 464 288 464 336 0
r 320 112 224 112 0 100000
R -32 112 -80 112 0 4 60 5 0 0 0.5
O 608 224 672 224 0
p 192 208 192 256 0 0
g 192 256 192 304 0
a 48 48 192 48 0 5 -5 1000000 1.0941315324284713 0
r 48 -16 192 -16 0 2000
w 192 -16 192 48 0
w 48 -16 48 32 0
g 48 64 48 80 0
r 48 -16 0 -16 0 1000
w 0 176 32 192 0
g -32 240 -32 288 0
174 -32 112 -32 176 0 100000 0.005 Resistance
w 0 144 -16 144 0
a 32 176 112 176 0 5 -5 1000000 4.141252002719328 4.141293415239355
w 32 160 32 128 0
w 32 128 112 128 0
w 112 128 112 176 0
w 32 128 0 -16 0
w 320 80 320 112 0
w 112 128 224 112 0
w 192 48 224 80 0
r -32 176 -32 240 0 100000
w 0 144 0 176 0
w 0 176 -32 176 0
o 8 64 0 4354 7 0.025 0 2 8 3
o 14 64 0 4354 10 0.0125 1 2 14 3
o 18 64 0 4354 5 0.0001953125 2 2 18 3
o 27 64 0 4354 2.5 0.0015625 3 2 27 3
