$ 1 0.000005 10.20027730826997 57 5 50
a 464 224 608 224 0 5 0 1000000 2.49998215874556 2.5
w 608 224 608 144 0
r 464 144 608 144 0 200000
r 224 80 320 80 0 100000
r 320 112 224 112 0 100000
R -48 192 -96 192 0 4 60 2.5 2.5 0 0.5
O 608 224 672 224 0
p 192 208 192 256 0 0
g 192 256 192 304 0
a 48 48 192 48 0 5 0 1000000 2.4999678401101275 2.5
r 48 -16 192 -16 0 100000
w 192 -16 192 48 0
w 48 -16 48 32 0
r 48 -16 0 -16 0 50000
w -48 192 -16 192 0
a 32 208 112 208 0 5 0 1000000 2.4999785804273342 2.5
w 32 128 112 128 0
w 112 128 112 160 0
w 32 128 0 -16 0
w 320 80 320 112 0
w 112 128 224 112 0
w 192 48 224 80 0
R 48 64 48 96 0 0 40 2.5 0 0 0.5
r 400 144 464 144 0 50000
w 272 192 272 224 0
w 464 208 464 144 0
R 464 240 464 272 0 0 40 2.5 0 0 0.5
w 304 192 304 224 0
a 368 48 448 48 0 5 0 1000000 2.67894633743634 2.678973126899714
w 320 80 368 64 0
w 368 32 368 -16 0
w 368 -16 448 -16 0
w 448 -16 448 48 0
w 448 48 400 144 0
R 32 224 32 256 0 0 40 2.5 0 0 0.5
w -16 304 -16 192 0
w 32 192 32 160 0
w 112 208 112 160 0
174 -16 304 64 304 0 100000 0.5 Shape
w 80 304 112 208 0
w 32 288 0 240 0
w 0 240 32 160 0
o 5 64 0 4354 7 0.025 0 2 5 3
o 11 64 0 4354 10 0.0125 1 2 11 3
o 14 64 0 4354 5 0.0001953125 2 2 14 3
o 19 64 0 12546 3.125437408479722 0.0001 3 2 19 3
o 6 64 0 12546 5.000974628378813 0.0001 4 1
