$ 1 0.000015625 0.37936678946831776 60 6 50
a 160 368 272 368 0 15 -15 1000000 0 -0.5285801970003458
w 160 384 160 448 0
w 160 448 272 448 0
r 272 368 272 448 0 10000
a 384 384 496 384 0 15 -15 1000000 -0.00005260008861407397 0
r 272 448 352 448 0 4000
w 352 448 496 448 0
w 496 448 496 384 0
w 496 384 496 320 0
c 384 320 496 320 0 1.0000000000000001e-7 -5.260061461496011
w 384 320 384 368 0
r 272 288 336 288 0 10000
g 384 400 384 416 0
w 160 352 128 352 0
g 128 352 128 384 0
211 496 384 592 384 0 1 8000 1
d 384 288 336 288 1 0.805904783
d 272 320 384 320 1 0.805904783
w 272 288 272 320 0
w 272 320 272 368 0
w 384 288 384 320 0
p 272 368 208 272 1 0
o 15 4 0 4098 10 0.000048828125 0 1
o 21 4 0 4098 20 0.1 1 1
