$ 1 0.000005 16.13108636308289 57 5 50
a 288 192 432 192 0 5 0 1000000 2.4999705870588236 2.5
w 288 112 288 176 0
w 432 192 432 112 0
r 272 64 416 64 0 100
w 288 208 288 256 0
g 240 320 240 352 0
w 288 176 240 176 0
w 240 176 240 144 0
w 96 240 96 272 0
r 240 144 176 144 0 10000
r 176 208 240 208 0 10000
R 176 144 128 144 0 4 200 2.5 2.5 0 0.5
O 576 240 528 304 0
172 176 208 128 208 0 6 2 5 0 0 0.5 Voltage
R 288 256 192 240 0 0 40 2.5 0 0 0.5
r 352 272 352 304 0 1000
r 352 304 352 352 0 1000
w 352 288 400 272 0
174 288 112 384 96 0 20000 0.09410000000000002 Resistance
w 336 96 432 112 0
a 496 240 576 240 0 5 0 1000000 2.4999744137087654 2.5
r 496 192 432 192 0 10000
r 560 192 496 192 0 10000
w 560 192 576 240 0
w 496 192 496 224 0
w 288 256 496 256 0
w 240 208 496 224 0
o 11 64 0 2082 5 0.0001953125 0 -1 0
o 12 64 0 2338 5 0.00009765625 1 -1 0
