$ 1 0.000005 10.20027730826997 57 5 50 5e-11
v -832 -16 -832 -144 0 1 20 5 0 0 0.5
g -496 32 -496 80 0 0
r -560 -128 -464 -128 0 100000
r -464 -96 -320 -96 0 100000
w -320 -96 -320 -48 0
w -464 -128 -464 -96 0
w -464 -96 -464 -64 0
a -464 -48 -320 -48 8 10.5 -10.5 1000000 -0.5040765386424563 -0.5040420561840465 100000
O 1200 304 1264 304 0 0
r -560 -32 -496 -32 0 33000
w -496 -32 -464 -32 0
d -432 16 -464 32 2 1N4148
d -496 32 -496 -32 2 1N4148
w -464 32 -496 32 0
w -560 -32 -560 -128 0
w -560 -128 -624 -128 0
a -768 -128 -624 -128 8 10.5 -10.5 1000000 -0.1999554360108174 -0.19999999999999996 100000
g -832 -16 -832 32 0 0
r -768 -144 -832 -144 0 100000
174 -768 -192 -624 -176 1 100000 0.8861000000000001 Amplitude
w -688 -176 -624 -128 0
w -768 -144 -768 -192 0
w -256 -48 -320 -48 0
w -256 48 -256 -48 0
w -160 112 -192 112 0
d -192 112 -192 48 2 1N4148
d -160 48 -160 112 2 1N4148
w -192 48 -160 48 0
r -256 48 -192 48 0 33000
a -160 32 -16 32 8 10.5 -10.5 1000000 0.4897641239713663 0.4897442698191487 100000
w -160 -16 -160 16 0
w -160 -48 -160 -16 0
w -16 -16 -16 32 0
r -160 -16 -16 -16 0 100000
r -256 -48 -160 -48 0 100000
g -192 112 -192 160 0 0
w 48 -16 -16 -16 0
w 48 80 48 -16 0
w 144 144 112 144 0
d 112 144 112 80 2 1N4148
d 144 80 144 144 2 1N4148
w 112 80 144 80 0
r 48 80 112 80 0 33000
a 144 64 288 64 8 10.5 -10.5 1000000 -0.4571627013640451 -0.4571519904658547 100000
w 144 16 144 48 0
w 144 -16 144 16 0
w 288 16 288 64 0
r 144 16 288 16 0 100000
r 48 -16 144 -16 0 100000
g 112 144 112 192 0 0
g 416 224 416 272 0 0
r 352 64 448 64 0 100000
r 448 96 592 96 0 100000
w 592 96 592 144 0
w 448 64 448 96 0
w 448 96 448 128 0
a 448 144 592 144 8 10.5 -10.5 1000000 0.4154195427541891 0.41541714024685383 100000
r 352 160 416 160 0 33000
w 416 160 448 160 0
d 448 160 448 224 2 1N4148
d 416 224 416 160 2 1N4148
w 448 224 416 224 0
w 352 160 352 64 0
w 352 64 288 64 0
g 720 304 720 352 0 0
r 656 144 752 144 0 100000
r 752 176 896 176 0 100000
w 896 176 896 224 0
w 752 144 752 176 0
w 752 176 752 208 0
a 752 224 896 224 8 10.5 -10.5 1000000 -0.22614445604674482 -0.22614657642853048 100000
r 656 240 720 240 0 33000
w 720 240 752 240 0
d 752 240 752 304 2 1N4148
d 720 304 720 240 2 1N4148
w 752 304 720 304 0
w 656 240 656 144 0
w 656 144 592 144 0
w 960 224 896 224 0
w 960 320 960 224 0
w 1056 384 1024 384 0
d 1024 384 1024 320 2 1N4148
d 1056 320 1056 384 2 1N4148
w 1024 320 1056 320 0
r 960 320 1024 320 0 33000
a 1056 304 1200 304 8 10.5 -10.5 1000000 -0.20318437775246065 -0.2031863226021429 100000
w 1056 256 1056 288 0
w 1056 224 1056 256 0
w 1200 256 1200 304 0
r 1056 256 1200 256 0 100000
r 960 224 1056 224 0 100000
g 1024 384 1024 432 0 0
d 1056 224 1200 224 2 1N4148
d 1200 192 1056 192 2 1N4148
w 1056 224 1056 192 0
w 1200 224 1200 192 0
w 1200 224 1200 256 0
w -432 16 -464 -32 0
r -112 -160 0 -144 0 100000
174 48 -160 32 -128 1 10000 0.8663000000000001 Feedback
w 0 -144 32 -144 0
g 48 -128 48 -112 0 0
w 880 -64 48 -160 0
w -112 -160 -160 -48 0
172 -768 -112 -752 32 0 7 -0.19999999999999996 2 -2 0 0.5 Offset
o 0 64 0 4098 5 0.025 0 2 0 3
o 8 64 0 12290 0.23954488043221978 0.0001 1 1
