$ 1 0.000015625 7.010541234668786 61 10 50 5e-11
a 304 368 432 368 8 10.5 -10.5 1000000 0.8613794433445557 5.250219436749669 100000
w 304 352 304 304 0
w 432 304 432 368 0
w 432 368 432 432 0
r 432 432 304 432 0 100000
w 304 384 304 432 0
r 304 432 208 432 0 100000
g 208 432 208 464 0 0
c 304 304 208 304 0 1.0000000000000001e-7 0.8613794433445557 0.001
g 208 304 208 336 0 0
211 736 176 816 176 0 1 8000 1
w 304 304 304 240 0
w 304 432 304 480 0
a 592 176 736 176 8 12 -12 1000000 3.055738324975039 3.0557688823582887 100000
a 304 192 432 192 8 12 -12 1000000 0.8613708296362594 0.8613794433445557 100000
162 832 128 896 128 2 default-led 1 0 0 0.01
r 896 128 944 128 0 3300
R 944 128 976 128 0 0 40 -12 0 0 0.5
w 592 160 592 128 0
w 592 128 736 128 0
w 736 128 736 176 0
w 544 192 592 192 0
a 784 272 928 272 8 12 -12 1000000 0.00003055677211430811 0 100000
r 784 224 928 224 0 100000
w 928 272 928 224 0
w 784 256 784 224 0
g 784 288 784 320 0 0
r 784 224 736 224 0 100000
211 928 272 1008 272 0 1 8000 1
r 384 304 432 304 0 100
w 384 304 336 304 0
w 304 240 304 208 0
174 304 304 336 304 1 100000 0.8366000000000001 Speed
w 336 272 320 288 0
w 336 272 384 304 0
w 304 176 304 144 0
w 304 144 432 144 0
w 432 144 432 192 0
w 448 464 448 512 0
w 320 464 448 464 0
w 320 496 320 464 0
w 304 480 320 528 0
a 320 512 448 512 8 12 -12 1000000 5.250166935080318 5.250219436749669 100000
r 432 192 512 192 0 100000
r 448 512 512 512 0 100000
s 512 192 544 192 0 0 false
s 512 512 544 512 0 0 false
w 544 192 544 512 0
w 736 176 736 224 0
w 928 224 832 128 0
o 8 8 0 4354 10 0.003125 0 2 8 3
o 10 16 0 12298 5.253053516803536 0.0001 1 1
o 28 16 0 12290 5.25294845783438 0.0001 2 1
