$ 1 0.000015625 7.010541234668786 61 10 50 5e-11
a 304 368 432 368 8 3.5 -3.5 1000000 -2.962086493265403 -3.181838156060255 100000
w 304 352 304 304 0
w 432 304 432 368 0
w 432 368 432 432 0
r 432 432 304 432 0 10000
w 304 384 304 432 0
r 304 432 208 432 0 100000
g 208 432 208 464 0 0
c 304 304 208 304 0 1.0000000000000001e-7 -2.962086493265403 0.001
g 208 304 208 336 0 0
211 1056 352 1136 352 0 1 8000 1
w 304 304 304 240 0
w 304 208 608 208 0
w 304 432 304 480 0
w 304 480 624 480 0
w 624 480 608 240 0
S 704 224 608 224 0 1 false 0 2
a 912 352 1056 352 8 5 -5 1000000 -2.9472171161620304 -2.947246588333192 100000
a 704 208 832 208 8 5 -5 1000000 -2.962056872696676 -2.962086493265403 100000
w 832 208 832 160 0
w 832 160 688 160 0
w 688 160 704 192 0
162 832 160 896 128 2 default-led 1 0 0 0.01
r 896 128 944 128 0 1000
R 944 128 976 128 0 0 40 -5 0 0 0.5
174 832 208 832 304 1 100000 0.005 Depth
g 832 304 832 336 0 0
w 912 336 912 304 0
w 912 304 1056 304 0
w 1056 304 1056 352 0
w 848 256 864 256 0
w 864 256 864 368 0
w 864 368 912 368 0
a 912 464 1056 464 8 5 -5 1000000 -0.000029471581729985705 0 100000
r 912 416 1056 416 0 100000
w 1056 464 1056 416 0
w 912 448 912 416 0
g 912 480 912 512 0 0
r 912 416 864 416 0 100000
w 864 416 1056 352 0
211 1056 464 1136 464 0 1 8000 1
r 384 304 432 304 0 100
d 384 240 352 240 2 default
w 384 304 336 304 0
w 384 304 384 240 0
w 304 240 304 208 0
s 352 240 304 240 0 0 false
174 304 304 336 304 1 100000 0.1733 Speed
w 336 3
04 336 272 0
w 336 272 320 288 0
o 8 8 0 4354 5 0.003125 0 2 8 3
o 10 16 0 12298 3.245816525095788 0.0001 1 1
o 40 16 0 12290 3.2457516100635866 0.0001 2 1
