$ 1 0.000005 18.278915558614752 50 5 50 5e-11
183 592 272 688 272 0 0.5 4 8 12 0
174 592 224 688 224 1 100000 0.21290000000000003 Freq
w 592 224 592 272 0
w 688 272 688 224 0
c 592 272 592 352 0 1.0000000000000001e-7 10.933958678039037 0.001
g 592 352 592 384 0 0
p 688 224 768 224 1 0 0
w 640 208 688 208 0
w 688 208 688 224 0
d 480 272 592 272 2 default
d 272 272 208 272 2 default
w 368 208 368 224 0
w 320 208 368 208 0
p 368 224 448 224 1 0 0
g 272 352 272 384 0 0
c 272 272 272 352 0 0.000001 7.228340052389604 0.001
w 368 272 368 224 0
w 272 224 272 272 0
174 272 224 368 224 1 100000 0.19310000000000002 Freq
183 272 272 368 272 0 0.5 4 8 12 0
w 416 272 368 272 0
r 480 272 416 272 0 1000
374 592 128 736 128 0 0.1387 Light\sBrightness
w 592 224 592 128 0
w 688 208 736 128 0
s 160 272 96 272 0 1 true
R 96 272 32 272 0 0 40 0 0 0 0.5
r 208 272 160 272 0 1000
o 6 64 0 4098 20 0.1 0 1
