$ 1 0.000005 10.20027730826997 57 5 50
v 96 256 96 112 0 1 40 2.5 2.5 0 0.5
g 96 256 96 304 0
w 192 208 192 256 0
a 192 192 336 192 9 5 -5 1000000 0.8550324335703283 0.8550143342189997 100000
w 336 192 336 256 0
r 192 256 336 256 0 1000
r 192 320 192 256 0 1000
w 192 112 192 176 0
O 336 192 400 192 0
172 192 320 256 320 0 7 3.5199999999999996 7 -5 0 0.5 Voltage
r 192 112 96 112 0 100000
r 96 80 192 80 0 220000
w 192 80 192 112 0
R 96 80 64 80 0 0 40 0 0 0 0.5
o 0 64 0 4098 5 0.00009765625 0 2 0 3
o 8 64 0 12546 3.5199296014079637 0.0001 1 1
o 7 64 0 12546 3.437499999999997 0.0001 2 2 7 3
