$ 1 0.000005 10.20027730826997 57 5 50
a 288 192 432 192 8 15 -15 1000000 1.4595945368478886 1.4596273291925468 100000
w 288 112 288 176 0
w 432 192 432 112 0
r 288 112 432 112 0 4700
r 192 112 288 112 0 3300
r 288 208 288 256 0 4700
g 288 256 288 304 0
r 288 208 192 208 0 3300
R 192 112 128 112 0 1 60 2.5 2.5 0 0.5
O 432 192 496 192 0
p 192 208 192 256 0 0
g 192 256 192 304 0
R 176 176 112 176 0 0 40 2.5 0 0 0.5
r 64 176 64 224 0 100
r 64 224 64 272 0 100
g 64 272 64 304 0
R 64 176 64 144 0 0 40 5 0 0 0.5
w 64 224 192 208 0
o 8 64 0 12290 4.999999999999999 0.0001 0 2 8 3
o 10 64 0 4098 7 0.00009765625 0 1
o 9 64 0 12546 3.582634774447778 0.0001 1 1
o 17 64 0 12546 2.4844720496894412 0.0001 2 2 17 3
