$ 1 0.000005 10.20027730826997 57 5 50
v 160 256 160 112 0 1 40 5 0 0 0.5
g 160 256 160 304 0
r 256 144 400 144 0 300
w 400 144 400 192 0
w 256 112 256 144 0
w 256 144 256 176 0
w 160 256 256 256 0
w 256 208 256 256 0
a 256 192 400 192 0 15 -15 1000000 -0.000014120140172630482 0
O 608 256 592 336 0
174 160 64 352 96 0 10000 0.09410000000000002 Resistance
w 160 112 160 64 0
w 256 96 256 112 0
a 464 256 608 256 0 15 -15 1000000 0.000004501579370020362 0
w 256 256 464 272 0
174 400 192 464 224 0 10000 0.09410000000000002 Resistance
w 432 224 464 240 0
w 464 240 496 192 0
r 496 192 592 192 0 300
w 592 192 608 256 0
o 0 64 0 2082 5 0.003125 0 -1 0
o 9 64 0 2338 0.625 0.00009765625 1 -1 0
