$ 1 0.000005 10.20027730826997 50 5 50
402 208 304 352 304 0 0_0_40_-5_0_0_0.5 0_0_40_5_0_0_0.5 0_1_-3.346527460917101_0.5557778120878463_100 0_1_-0.5557778120878463_0.5555229824643151_100 0_1_0_0.5555229824643151_100 0_1_-3.915921482723216_0.5421717445307377_100 0_1_-3.946366071892714_0.5320235481399317_100 0_-1_0.5421666734418586_-0.5419118438349253_100 0_-1_0_-0.5419118438349253_100 0_-1_7.8318531544703225_-0.5421666734418586_100 0_-1_0.5320184770427665_-0.5317636474553256_100 0_-1_0_-0.5317636474553256_100 0_-1_8.051640394278518_-0.5320184770427665_100 0_1_0_0.541906726792952_100 0_1_-0.5421616014599415_0.541906726792952_100 0_1_0.19949084702950426_0.5421616014599415_100 0_1_0_-0.0000048489575970412885_100 0_1_0_0.010143347433208952_100
R 96 208 32 208 0 1 40 5 0 0 0.5
r 144 272 144 336 0 100
r 144 272 144 208 0 47000
w 144 272 208 272 0
w 208 336 144 336 0
g 144 336 144 384 0
w 96 208 144 208 0
r 336 272 336 192 0 33000
172 272 96 192 96 0 7 4.1 5 0 0 0.5 Voltage
r 448 304 448 368 0 100000
g 448 368 448 400 0
a 448 256 528 256 8 5 -5 1000000 -4.115381364962961 -4.115422518776611 100000
w 448 240 448 208 0
w 448 208 528 208 0
w 528 208 528 256 0
p 528 256 576 256 1 0
w 448 272 352 304 0
w 448 272 448 304 0
a 272 80 352 80 8 15 -15 1000000 4.099968000639986 4.099999999999998 100000
R 208 64 160 64 0 0 40 5 0 0 0.5
r 208 64 272 64 0 100000
r 272 32 352 32 0 100000
w 272 32 272 64 0
w 352 80 352 32 0
w 352 80 336 192 0
o 7 64 0 12546 4.9999999999999805 0.0001 0 2 7 3
o 8 64 0 4355 7.325239146297423 0.00036626195731487114 1 2 8 3
o 16 64 0 12546 4.2915799442125655 0.0001 2 1
o 17 64 0 12546 4.291622860012008 0.0001 3 2 17 3
o 25 64 0 12546 3.199936001270544 0.0001 4 2 25 3
