$ 1 0.0000015625 10.20027730826997 50 5 50 5e-11
402 192 464 320 464 1 0\s0\s40\s-5\s0\s0\s0.5 0\s0\s40\s5\s0\s0\s0.5 0\s1\s-3.1773370978389153\s0.5763078146416327\s100\sdefault 0\s1\s-0.5763078146416327\s0.5760529852070544\s100\sdefault 0\s1\s0\s0.5760529852070544\s100\sdefault 0\s1\s-3.995103691899732\s0.558487793301237\s100\sdefault 0\s1\s-3.9973129917175574\s0.557751360021556\s100\sdefault 0\s-1\s0.5584827229218936\s-0.5582278941895353\s100\sdefault 0\s-1\s0\s-0.5582278941895353\s100\sdefault 0\s-1\s7.7665889057208215\s-0.5584827229218936\s100\sdefault 0\s-1\s0.557746289662052\s-0.5574914609112325\s100\sdefault 0\s-1\s0\s-0.5574914609112325\s100\sdefault 0\s-1\s7.361074967135904\s-0.557746289662052\s100\sdefault 0\s1\s0\s0.55822282382249\s100\sdefault 0\s1\s-0.55847765334526\s0.55822282382249\s100\sdefault 0\s1\s-0.40698680512306185\s0.55847765334526\s100\sdefault 0\s1\s0\s-0.0003702988227376608\s100\sdefault 0\s1\s0\s0.00036613445694334834\s100\sdefault
w 192 496 160 496 0
w 160 496 160 368 0
r 160 368 256 368 0 10000
w 464 368 464 480 0
r 160 496 160 576 0 330
w 192 432 112 432 0
r 112 496 112 576 0 330
w 112 496 112 432 0
g 112 576 112 624 0 0
w 112 576 160 576 0
w 256 368 464 368 0
w 320 464 336 464 0
w 336 464 368 464 0
c 336 464 336 560 0 5.6000000000000005e-8 -3.476312717709188 0.001
w 304 352 304 304 1
r 96 432 16 432 0 10000
w 304 352 304 432 0
g 336 560 336 576 0 0
w 96 432 112 432 0
R -64 432 -80 432 0 2 110 3.5 0 0 0.3
O 464 480 512 480 0 0
w -64 432 16 432 0
p 192 432 208 400 1 0 0
a 384 480 448 480 9 15 -15 1000000 -3.4762779549296385 -3.476312717709188 100000
w 448 480 464 480 0
w 368 464 384 464 0
w 384 496 384 544 0
w 384 544 464 544 0
w 464 544 464 480 0
a 48 176 128 176 8 15 -15 1000000 0.0000057630712273504335 0 100000
g 48 192 48 256 0 0
r 48 160 -16 160 0 10000
172 -16 160 -64 176 0 7 4.8 5 0 0 0.5 Voltage
t 160 208 176 208 0 -1 0.040806989355741896 -0.5763128858062707 100 default
w 160 208 128 176 0
w 48 160 48 112 0
w 48 112 176 112 0
w 176 112 176 192 0
d 128 176 176 112 2 default
r 176 224 240 288 0 6800
w 304 304 240 288 0
o 23 64 0 12546 0.1125613617359545 0.0001 0 1
o 21 64 0 12546 3.5001038914414795 0.0001 1 1
