$ 1 0.000005 10.20027730826997 50 5 50
402 416 288 608 288 1 0\s0\s40\s-5\s0\s0\s0.5 0\s0\s40\s5\s0\s0\s0.5 0\s1\s-3.257449525536775\s0.5888738567699376\s100 0\s1\s-0.5888738567699376\s0.5886190271291065\s100 0\s1\s0\s0.5886190271291065\s100 0\s1\s-3.857276865660003\s0.569348565564712\s100 0\s1\s-3.8494367748153486\s0.5719619291796152\s100 0\s-1\s0.5693434944863904\s-0.5690886648530755\s100 0\s-1\s0\s-0.5690886648530755\s100 0\s-1\s7.723145823477714\s-0.5693434944863904\s100 0\s-1\s0.571956858101947\s-0.5717020284672705\s100 0\s-1\s0\s-0.5717020284672705\s100 0\s-1\s1.538649853255727\s-0.571956858101947\s100 0\s1\s0\s0.5690835937747547\s100 0\s1\s-0.5693384234080652\s0.5690835937747547\s100 0\s1\s-6.179269242992236\s0.5693384234080652\s100 0\s1\s0\s-0.004287067272970764\s100 0\s1\s0\s-0.00690043088787388\s100
r 288 176 288 256 0 100000
r 288 256 288 304 0 220
g 288 304 288 336 0
g 736 496 736 528 0
r 736 448 736 496 0 220
r 736 368 736 448 0 100000
R 224 176 160 176 0 2 60 10 0 0 0.5
w 416 256 288 256 0
w 592 256 592 160 0
r 592 160 592 96 0 10000
172 592 96 496 64 0 7 3.9000000000000004 5 -5 0 0.5 Voltage
c 608 288 608 384 0 5.0000000000000004e-8 2.3176912601750557
g 608 384 608 416 0
a 736 256 816 256 9 15 -15 1000000 2.3176680834942207 2.3176912601750557 100000
w 736 272 704 272 0
w 704 272 704 320 0
w 704 320 816 320 0
w 816 320 816 256 0
w 640 240 640 288 0
w 640 288 608 288 0
w 816 320 816 368 0
w 816 368 736 368 0
w 736 448 416 448 0
w 416 448 416 320 0
p 816 256 976 256 1 0
c 640 208 736 208 0 0.00001 1.1784326769612163e-12
w 736 240 640 240 0
R 224 96 160 96 0 4 409 1 0 0 0.5
r 224 96 256 96 0 1000
r 224 176 256 176 0 2000
w 256 176 256 96 0
w 256 176 288 176 0
o 9 64 0 4355 5 0.00078125 0 2 9 3
o 25 64 0 12546 3.439633454230374 0.0001 1 1
o 32 64 0 12291 3.9727492654114998 0.0001 2 2 32 3
