$ 1 0.000005 10.20027730826997 50 5 50
402 416 288 608 288 1 0\s0\s40\s-5\s0\s0\s0.5 0\s0\s40\s5\s0\s0\s0.5 0\s1\s-3.2453241966577373\s0.5907972340477397\s100 0\s1\s-0.5907972340477397\s0.5905424044064276\s100 0\s1\s0\s0.5905424044064276\s100 0\s1\s-3.855249952990352\s0.5727837278959225\s100 0\s1\s-3.8562860776309673\s0.572438353015718\s100 0\s-1\s0.5727786568184481\s-0.5725238271833728\s100 0\s-1\s0\s-0.5725238271833728\s100 0\s-1\s7.709405174151306\s-0.5727786568184481\s100 0\s-1\s0.5724332819381601\s-0.57217845230325\s100 0\s-1\s0\s-0.57217845230325\s100 0\s-1\s3.69256377297748\s-0.5724332819381601\s100 0\s1\s0\s0.5725187561058993\s100 0\s1\s-0.5727735857409737\s0.5725187561058993\s100 0\s1\s-4.017532150934237\s0.5727735857409737\s100 0\s1\s0\s0.0005518626711026601\s100 0\s1\s0\s0.0008972375513070781\s100
r 288 176 288 256 0 100000
r 288 256 288 304 0 220
g 288 304 288 336 0
r 736 448 736 496 0 220
r 736 368 736 448 0 100000
R 608 384 576 512 0 2 60 5 0 0 0.5
w 592 256 592 160 0
r 592 160 592 96 0 10000
172 592 96 496 64 0 7 4.5 5 -5 0 0.5 Voltage
c 608 288 608 384 0 5.0000000000000004e-8 -4.83717550721889
g 736 496 736 528 0
a 736 256 816 256 9 5 -5 1000000 0.16282286455246445 0.16282449278110997 100000
w 736 272 704 272 0
w 704 272 704 320 0
w 704 320 816 320 0
w 816 320 816 256 0
w 640 240 640 288 0
w 640 288 608 288 0
w 816 320 816 368 0
w 816 368 736 368 0
w 736 448 416 448 0
w 416 448 416 320 0
p 816 256 976 256 1 0
c 640 208 736 208 0 0.00001 0.001
w 736 240 640 240 0
R 224 96 160 96 0 4 409 1 0 0 0.5
w 256 176 288 176 0
r 256 176 224 176 0 1000
R 224 176 224 128 0 0 40 0 0 0 0.5
w 416 256 288 256 0
o 7 64 0 4355 5 0.0015625 0 2 7 3
o 23 64 0 12546 5.000494069858731 0.0001 1 1
o 27 64 0 12291 0.0001 0.0001 2 2 27 3
