$ 1 0.000005 15.472767971186109 50 5 50
183 400 112 496 112 0 0.5 -1.66 1.66 5 -5
d 496 64 448 64 2 default
w 496 64 496 112 0
w 400 64 400 112 0
c 400 112 400 192 0 0.000001 4.553807306090749
w 400 112 320 112 0
r 448 64 400 64 0 10
p 400 112 304 32 1 0
t 224 160 272 160 0 1 -2.2443657357743567 0.6092906304193075 100
w 272 112 272 144 0
w 272 176 272 224 0
w 272 224 400 192 0
r 224 160 160 160 0 470000
172 160 160 96 160 0 7 3.5999999999999996 5 -5 0 0.5 Voltage
r 272 112 320 112 0 1000
R 400 192 400 256 0 0 40 -5 0 0 0.5
o 7 64 0 12555 2.1042908470335404 0.0001 0 1
o 13 64 0 12546 3.5999999999999996 0.0001 1 2 13 3
