$ 1 0.000015625 5.023272298708815 61 10 50
a 304 368 432 368 8 5 -5 1000000 -0.42614774529735727 -2.500103695300971 100000
w 304 352 304 304 0
w 432 304 432 368 0
w 432 368 432 432 0
r 432 432 304 432 0 100000
w 304 384 304 432 0
r 304 432 208 432 0 100000
g 208 432 208 464 0
c 304 304 208 304 0 0.000001 -0.42614774529735727
211 304 304 384 304 0 1 8000 1
w 304 304 304 240 0
d 432 240 304 240 2 default
w 432 304 432 240 0
t 352 192 400 192 0 1 -3.226961009804277 0.5881714240876019 100
w 304 240 304 176 0
w 304 176 400 176 0
r 352 192 192 192 0 220000
172 192 192 176 240 0 7 -2 5 -5 0 0.5 Voltage
r 400 208 432 240 0 1000
w 208 304 208 432 0
o 9 16 0 12554 4.0716757392562934 0.0001 0 1
o 5 16 3 4354 5 0.00009765625 1 1
