$ 1 0.000005 10.20027730826997 50 5 50
183 448 320 528 320 0 0.5 -1.66 1.66 5 -5
d 512 272 448 272 2 default
r 576 272 528 272 0 1
w 528 320 576 320 0
w 576 320 576 272 0
w 528 272 512 272 0
w 448 272 448 320 0
c 448 320 448 400 0 0.000009999999999999999 6.320410750131905
t 336 352 384 352 0 1 -5.668456330836351 0.6519544192955538 100
w 448 320 384 320 0
w 384 320 384 336 0
w 384 368 384 400 0
w 384 400 448 400 0
r 336 352 256 352 0 100000
172 256 352 176 352 0 7 4.5 5 0 0 0.5 Voltage
p 736 144 816 144 1 0
p 448 272 448 176 1 0
R 448 400 448 464 0 0 40 -5 0 0 0.5
a 656 144 736 144 8 5 -5 1000000 1.3203843424450563 1.3204107501319051 100000
w 448 272 656 160 0
r 656 128 544 128 0 100000
r 656 80 736 80 0 100000
w 656 128 656 80 0
w 736 80 736 144 0
g 544 128 496 128 0
a 768 240 848 240 8 5 -5 1000000 0.29250012191033326 2.640768684889494 100000
w 736 144 736 256 0
w 736 256 768 256 0
p 848 240 928 240 1 0
R 768 224 656 224 0 3 5 3 0 0 0.5
o 16 64 0 4362 10 0.1 0 1
o 14 64 0 4099 5 0.00009765625 1 2 14 3
o 15 64 0 4354 5 0.1 2 1
o 28 64 0 4098 10 0.1 3 1
o 29 64 0 4354 10 0.00009765625 4 2 29 3
