$ 1 0.000015625 5.023272298708815 61 10 50
a 304 368 432 368 8 5 -5 1000000 1.42393190128183 -3.213798220752781 100000
w 304 352 304 304 0
w 432 304 432 368 0
w 432 368 432 432 0
r 432 432 304 432 0 47000
w 304 384 304 432 0
r 304 432 208 432 0 147000
c 304 304 208 304 0 0.000001 1.42393190128183
211 304 304 384 304 0 1 8000 1
w 304 304 304 240 0
d 432 240 304 240 2 default
w 432 304 432 240 0
t 352 192 400 192 0 1 -5.532726686108705 0.5662677308607762 100
w 304 240 304 176 0
w 304 176 400 176 0
r 352 192 192 192 0 220000
172 192 192 176 240 0 7 -3.4 5 -5 0 0.5 Voltage
r 400 208 432 240 0 1000
g 208 304 176 304 0
R 208 432 160 432 0 0 40 5 0 0 0.5
r 304 432 304 480 0 100000
R 304 480 256 480 0 0 40 -5 0 0 0.5
a 512 288 640 288 8 5 -5 1000000 1.4239168413469663 1.42393190128183 100000
w 512 272 512 224 0
w 640 224 640 288 0
w 304 304 368 272 0
w 368 272 512 304 0
p 640 288 688 288 1 0
g 448 160 448 144 0
174 480 160 544 192 1 10000 0.9455000000000001 Resistance
w 512 224 512 192 0
w 544 160 640 160 0
w 640 160 640 224 0
w 480 160 448 160 0
a 528 368 656 368 8 5 -5 1000000 -2.5 1.42393190128183 100000
p 656 368 704 368 1 0
174 672 304 752 336 1 10000 0.48020000000000007 Resistance
w 640 288 672 304 0
w 656 368 768 304 0
w 720 336 720 432 0
172 528 352 512 400 0 7 -2.5 5 -5 0 0.5 Voltage
w 528 384 480 352 0
w 480 352 512 304 0
o 8 16 0 12554 3.237310186998208 0.0001 0 1
o 5 16 3 4354 5 0.00009765625 1 1
o 27 16 0 4362 10 0.1 2 1
o 35 16 0 4098 10 0.1 3 1
o 39 16 0 4099 5 0.00009765625 4 2 39 3
