$ 1 0.000005 10.20027730826997 50 5 50
183 448 256 528 256 0 0.5 1.66 3.33 5 0
d 512 208 448 208 2 default
r 576 208 528 208 0 10
w 528 256 576 256 0
w 576 256 576 208 0
w 528 208 512 208 0
w 448 208 448 256 0
c 448 256 448 336 0 0.000009999999999999999 1.7459390073858667
g 448 336 448 368 0
t 336 288 384 288 0 1 -1.1451347994712422 0.6008042079146246 100
w 448 256 384 256 0
w 384 256 384 272 0
w 384 304 384 336 0
w 384 336 448 336 0
r 336 288 256 288 0 200000
172 256 288 176 288 0 7 3.05 5 0 0 0.5 Voltage
p 576 256 656 256 1 0
p 448 208 448 112 1 0
o 17 64 0 4362 5 0.1 0 1
o 15 64 0 4099 5 0.00009765625 1 2 15 3
