$ 1 0.000005 10.20027730826997 50 5 50 5e-11
183 448 256 528 256 0 0.5 1.66 3.33 5 0
d 512 208 448 208 2 default
r 576 208 528 208 0 10
w 528 256 576 256 0
w 576 256 576 208 0
w 528 208 512 208 0
w 448 208 448 256 0
c 448 256 448 336 0 0.000009999999999999999 3.272815224198005 0.001
g 448 336 448 368 0 0
t 336 288 384 288 0 1 -2.659734480823511 0.6130807433744939 100 default
w 448 256 384 256 0
w 384 256 384 272 0
w 384 304 384 336 0
w 384 336 448 336 0
r 336 288 256 288 0 200000
172 256 288 176 288 0 7 4.55 5 0 0 0.5 Voltage
p 576 256 656 256 1 0 0
p 448 208 448 112 1 0 0
p 128 112 128 16 1 0 0
p 256 160 336 160 1 0 0
172 -64 192 -144 192 0 7 3.3 5 0 0 0.5 Voltage
r 16 192 -64 192 0 200000
w 64 240 128 240 0
w 64 208 64 240 0
w 64 160 64 176 0
w 128 160 64 160 0
t 16 192 64 192 0 1 -1.5191057425595536 0.6032942655711896 100 default
g 128 240 128 272 0 0
c 128 160 128 240 0 0.000009999999999999999 2.122400008130743 0.001
w 128 112 128 160 0
w 208 112 192 112 0
w 256 160 256 112 0
w 208 160 256 160 0
r 256 112 208 112 0 10
d 192 112 128 112 2 default
183 128 160 208 160 0 0.5 1.66 3.33 5 0
f 256 208 304 208 32 1.5 0.02
j 848 192 896 192 32 -4 0.00125
r 256 160 256 208 0 100000
g 304 224 304 240 0 0
w 384 256 304 192 0
o 17 64 0 12554 3.3237407106543104 0.0001 0 1
o 15 64 0 4099 5 0.00009765625 1 2 15 3
o 18 64 0 12290 3.315355579155648 0.0001 2 1
o 19 64 0 4098 5 0.1 3 1
