$ 1 0.000005 10.20027730826997 50 5 50
183 448 320 528 320 0 0.5 -1.66 1.66 5 -5
d 512 272 448 272 2 default
r 576 272 528 272 0 1
w 528 320 576 320 0
w 576 320 576 272 0
w 528 272 512 272 0
w 448 272 448 320 0
c 448 320 448 400 0 0.000009999999999999999 6.0047190501853835
t 336 352 384 352 0 1 -5.353718198636421 0.6510008515489627 100
w 448 320 384 320 0
w 384 320 384 336 0
w 384 368 384 400 0
w 384 400 448 400 0
r 336 352 256 352 0 100000
172 256 352 176 352 0 7 4.5 5 0 0 0.5 Voltage
p 736 144 816 144 1 0
p 448 272 448 176 1 0
R 448 448 448 512 0 0 40 -5 0 0 0.5
a 656 144 736 144 8 5 -5 1000000 1.3259081107151631 1.3259346288773772 100000
r 656 128 544 128 0 100000
r 656 80 736 80 0 100000
w 656 128 656 80 0
w 736 80 736 144 0
g 544 128 496 128 0
a 768 240 848 240 8 5 -5 1000000 -0.9178499335593671 1.3259346288773772 100000
w 736 256 768 256 0
p 848 240 928 240 1 0
R 672 208 592 208 0 3 5 3 0 0 0.5
w 448 272 592 160 0
w 656 160 592 160 0
d 448 400 448 448 2 default
w 448 272 544 240 0
w 544 240 736 256 0
174 672 208 720 208 1 100000 0.5 Resistance
g 736 208 752 176 0
w 704 192 768 224 0
o 16 64 0 4362 10 0.1 0 1
o 14 64 0 4099 5 0.00009765625 1 2 14 3
o 15 64 0 4354 10 0.1 2 1
o 26 64 0 4098 10 0.1 3 1
o 27 64 0 4354 10 0.00009765625 4 2 27 3
