$ 1 0.000005 9.78399845368213 50 5 50
402 448 320 624 320 1 0\s0\s40\s-5\s0\s0\s0.5 0\s0\s40\s5\s0\s0\s0.5 0\s1\s-3.5832361820692986\s0.5248797059053638\s100 0\s1\s-0.5248797059053638\s0.524624876337012\s100 0\s1\s0\s0.524624876337012\s100 0\s1\s-3.793657186815176\s0.5246223402202741\s100 0\s1\s-5.184520416102131\s0.060595758237073694\s100 0\s-1\s0.5246172691102111\s-0.5243624395426645\s100 0\s-1\s0\s-0.5243624395426645\s100 0\s-1\s7.9020507249143765\s-0.5246172691102111\s100 0\s-1\s0.058909839217690774\s-0.06323322213143001\s100 0\s-1\s0\s-0.06323322213143001\s100 0\s-1\s1.5603199964982712\s-0.058909839217690774\s100 0\s1\s0\s0.5243573684326082\s100 0\s1\s-0.5246121980001393\s0.5243573684326082\s100 0\s1\s-7.268567375719861\s0.5246121980001393\s100 0\s1\s0\s-0.23320408911078871\s100 0\s1\s0\s0.23082249287241174\s100
g 432 144 432 80 0
d 432 144 432 240 2 default
d 400 240 400 144 2 default
w 432 144 400 144 0
w 432 240 400 240 0
w 432 240 448 288 0
w 432 240 528 240 0
c 608 240 528 240 0 1e-7 3.62420041960386
r 448 352 384 352 0 1000
g 384 352 336 352 0
a 720 336 816 336 9 5 -5 1000000 3.3175037671149368 3.317536942152608 100000
w 720 352 720 416 0
w 720 416 832 416 0
w 832 416 816 336 0
w 720 320 624 320 0
r 720 416 496 416 0 20000
w 496 416 448 352 0
w 624 320 624 240 0
w 624 240 608 240 0
r 608 288 608 96 0 10000
172 608 96 608 48 0 7 -3.3 5 -5 0 0.5 Voltage
p 832 416 992 416 1 0
a 224 160 320 160 9 5 -5 1000000 0 0 100000
w 224 176 224 224 0
w 224 224 304 224 0
w 304 224 320 160 0
R 224 144 176 128 0 0 40 0 0 0 0.5
o 22 64 0 12546 4.442660392466295 0.0001 0 1
o 6 64 0 12546 0.42053284513186295 0.0001 1 2 6 3
