$ 1 0.000015625 2.803162489452614 61 10 50
a 304 368 432 368 8 5 -5 1000000 0.2301494687846769 3.213705794755259 100000
w 304 352 304 304 0
w 432 304 432 368 0
w 432 368 432 432 0
r 432 432 304 432 0 47000
w 304 384 304 432 0
r 304 432 208 432 0 100000
c 304 304 208 304 0 0.000001 0.2301494687846769
211 304 304 384 304 0 1 8000 1
w 304 304 304 240 0
d 304 240 432 240 2 default
w 432 304 432 240 0
w 304 240 304 176 0
r 368 192 192 192 0 220000
172 192 192 176 240 0 7 4.1 5 -5 0 0.5 Voltage
g 208 304 176 304 0
R 208 432 160 432 0 0 40 5 0 0 0.5
r 304 432 304 480 0 147000
R 304 480 256 480 0 0 40 -5 0 0 0.5
a 512 288 640 288 8 5 -5 1000000 0.23014626251186396 0.2301494687846769 100000
w 512 272 512 224 0
w 640 224 640 288 0
w 304 304 368 272 0
w 368 272 512 304 0
p 640 288 688 288 1 0
g 448 160 448 144 0
174 480 160 544 192 1 10000 0.7178000000000001 Resistance
w 512 224 512 192 0
w 544 160 640 160 0
w 640 160 640 224 0
w 480 160 448 160 0
a 528 368 656 368 8 5 -5 1000000 -2.2 0.2301494687846769 100000
p 656 368 704 368 1 0
w 640 288 672 304 0
172 528 352 512 400 0 7 -2.2 5 -5 0 0.5 Voltage
w 528 384 480 352 0
w 480 352 512 304 0
t 368 192 400 192 1 -1 4.117427028123624 -0.5390617244893035 100
r 400 208 432 240 0 1000
w 400 176 304 176 0
o 8 16 0 12554 3.237111722536302 0.0001 0 1
o 24 16 0 12554 4.509705524492973 0.0001 1 1
o 32 16 0 37130 10 0.1 2 1
