$ 1 0.000005 13.097415321081861 50 5 50
183 256 176 352 176 0 0.5 1.66 3.33
c 256 176 256 256 0 0.00001 2.488699309189899
g 256 256 256 288 0
w 256 176 240 80 0
w 352 176 352 112 0
p 352 176 400 176 1 0
p 256 176 224 128 1 0
d 352 112 272 80 1 0.805904783
t 144 192 176 192 0 1 -1.8602849257733804 0.6284143834165186 100
w 256 256 176 256 0
w 176 256 176 208 0
w 176 176 256 176 0
r 144 192 144 96 0 68000
r 240 80 272 80 0 1
172 144 96 112 64 0 6 3.05 5 0 0 0.5 Voltage
o 5 64 0 4354 10 0.1 0 1
o 6 64 0 12554 3.2650685431100377 0.0001 0 1
