$ 1 0.000015625 3.9121283998153213 61 10 50
a 304 368 432 368 8 5 -5 1000000 3.6880611346649608 -4.445551685301836 100000
w 304 352 304 304 0
w 432 304 432 368 0
w 432 368 432 432 0
r 432 432 304 432 0 33000
w 304 384 304 432 0
r 304 432 208 432 0 47000
c 304 304 208 304 0 4e-7 8.688061134664961
211 432 368 512 368 0 1 8000 1
d 432 256 336 256 2 default
w 432 304 432 256 0
w 304 304 304 256 0
w 208 304 208 256 0
R 208 304 144 304 0 0 40 -5 0 0 0.5
r 400 496 304 496 0 330000
R 400 496 464 496 0 0 40 5 0 0 0.5
R 208 432 144 432 0 0 40 -5 0 0 0.5
t 256 160 256 208 0 1 -7.502413617206354 0.5822402311827597 100
w 304 256 304 208 0
w 304 208 272 208 0
w 240 208 208 208 0
r 256 160 96 160 0 220000
172 96 160 0 208 0 7 -2.5 5 -5 0 0.5 CV
r 336 256 304 256 0 10
p 304 304 368 304 1 0
r 208 208 208 256 0 1000
w 304 496 304 432 0
o 8 16 0 12554 5.098207107584361 0.0001 0 1
o 5 16 0 4355 10 0.00009765625 1 2 5 3
o 24 16 0 12546 4.731362234537377 0.0001 2 1
o 21 16 0 12291 1.5519131052705033 0.0001 3 2 21 3
