$ 1 0.000015625 5.023272298708815 61 10 50
a 304 368 432 368 8 5 -5 1000000 0.5419428540621095 -3.213748937381095 100000
w 304 352 304 304 0
w 432 304 432 368 0
w 432 368 432 432 0
r 432 432 304 432 0 47000
w 304 384 304 432 0
r 304 432 208 432 0 147000
c 304 304 208 304 0 0.000001 0.5419428540621095
211 304 304 384 304 0 1 8000 1
w 304 304 304 240 0
d 432 240 304 240 2 default
w 432 304 432 240 0
t 352 192 400 192 0 1 -4.453909423664649 0.577915241059876 100
w 304 240 304 176 0
w 304 176 400 176 0
r 352 192 192 192 0 220000
172 192 192 176 240 0 7 -2.8 5 -5 0 0.5 Voltage
r 400 208 432 240 0 1000
g 208 304 176 304 0
R 208 432 160 432 0 0 40 5 0 0 0.5
r 304 432 304 480 0 100000
R 304 480 256 480 0 0 40 -5 0 0 0.5
o 8 16 0 12554 3.244185395851332 0.0001 0 1
o 5 16 3 4354 5 0.00009765625 1 1
