$ 1 0.000005 10.20027730826997 57 5 50 5e-11
v -496 304 -496 160 0 1 20 5 0 0 0.5
g -448 304 -448 352 0 0
r -448 160 -352 160 0 100000
r -352 192 -208 192 0 100000
w -208 192 -208 240 0
w -352 160 -352 192 0
w -352 192 -352 224 0
w -448 304 -352 304 0
w -352 256 -352 304 0
a -352 240 -208 240 8 10.5 -10.5 1000000 -0.000042894800047357674 0 100000
O -64 240 -32 208 0 0
d -208 240 -128 240 2 default
d -208 112 -128 112 2 default
w -448 160 -448 112 0
w -448 112 -208 112 0
w -128 112 -128 240 0
r -128 240 -128 304 0 100000
g -128 304 -128 336 0 0
w -128 240 -64 240 0
a 0 224 144 224 8 10.5 -10.5 1000000 1.5 3.9717137212313958 100000
w -64 240 0 240 0
R 0 208 0 176 0 0 40 1.5 0 0 0.5
160 160 144 128 144 0 20 10000000000
w 144 224 144 160 0
a 240 256 384 256 8 10.5 -10.5 1000000 0.000029993251517664256 0 100000
r 192 208 240 208 0 100000
r 240 208 384 208 0 100000
w -64 240 -64 288 0
w 240 240 240 208 0
w 160 144 192 208 0
O 800 416 832 384 0 0
w 800 416 800 368 0
w 656 400 656 368 0
g 656 432 656 464 0 0
r 608 288 656 288 0 100000
r 656 368 800 368 0 100000
r 608 368 656 368 0 100000
a 656 416 800 416 8 10.5 -10.5 1000000 0.000009723593986918913 0 100000
w 192 64 192 0 0
R 48 48 48 16 0 0 40 3 0 0 0.5
w -16 80 48 80 0
a 48 64 192 64 8 10.5 -10.5 1000000 3 3.9717137212313958 100000
w -448 304 -496 304 0
174 -448 304 -448 208 1 10000 0.9950000000000001 Amplitude
w -448 208 -496 160 0
w -464 256 -480 256 0
w -480 256 -448 160 0
r 208 -32 256 -16 0 100000
R 144 -32 112 0 0 0 40 1.5 0 0 0.5
w -64 240 -64 80 0
w -16 80 -64 80 0
w 256 -16 240 208 0
O 384 208 416 176 0 0
w 384 256 384 208 0
g 240 272 176 272 0 0
w 656 288 656 368 0
w -64 288 -64 352 0
w 608 368 -64 352 0
w 384 256 608 288 0
159 144 -32 208 -32 0 20 10000000000
w 192 0 176 -16 0
R 128 160 96 192 0 0 40 1.5 0 0 0.5
a 48 -112 192 -112 8 10.5 -10.5 1000000 4.5 3.9717137212313958 100000
R 48 -128 48 -160 0 0 40 4.5 0 0 0.5
w 192 -176 176 -192 0
159 144 -208 208 -208 0 20 10000000000
w 256 -192 256 -16 0
R 144 -208 112 -176 0 0 40 1.5 0 0 0.5
r 208 -208 256 -192 0 100000
w 192 -112 192 -176 0
w -64 80 -64 -96 0
w -64 -96 48 -96 0
o 0 64 0 4098 5 0.025 0 2 0 3
o 30 64 0 12546 1.505141781963583 0.0001 1 1
