$ 1 0.000005 10.20027730826997 57 5 50
v -160 160 -160 16 0 4 60 5 0 0 0.5
g -160 160 -160 208 0
w -64 112 -64 160 0
a -64 96 80 96 9 3.5 -3.5 1000000 -0.4245916330070721 -0.42456512438475186 100000
w 80 96 80 160 0
r -64 160 80 160 0 100000
r -64 224 -64 160 0 100000
w -64 16 -64 80 0
O 80 96 144 96 0
a 32 16 176 16 9 3.5 -3.5 1000000 0 -0.45501542511403664 100000
172 32 32 -16 32 0 7 0 5 -5 0 0.5 Threshold
w 176 16 224 16 0
w 224 16 224 224 0
w 224 224 -64 224 0
r 32 -32 176 -32 0 100000
w 176 -32 176 16 0
w 32 -32 32 0 0
r -64 16 32 0 0 1000
r 368 32 464 16 0 1000
w 464 -16 464 16 0
w 608 -16 608 32 0
r 464 -16 608 -16 0 100000
w 656 240 368 240 0
w 656 32 656 240 0
w 608 32 656 32 0
172 464 48 416 48 0 7 0 5 -5 0 0.5 Threshold
a 464 32 608 32 9 3.5 -3.5 1000000 0 2.6592721695698383 100000
O 512 112 576 112 0
w 368 32 368 96 0
w 272 32 368 32 0
r 368 240 368 176 0 100000
r 368 176 512 176 0 100000
w 512 112 512 176 0
a 368 112 512 112 9 3.5 -3.5 1000000 2.6508442178032485 2.650862232028367 100000
w 368 128 368 176 0
w 80 96 272 32 0
174 -112 16 -128 144 0 1000 0.3713 Resistance
w -160 160 -112 144 0
w -160 16 -112 16 0
w -128 80 -64 16 0
o 0 64 0 12546 4.999999814637738 0.0001 0 2 0 3
o 8 64 0 12546 3.5026090879680725 0.0001 0 1
o 27 64 0 12546 3.5206449544319436 0.0001 0 1
