$ 1 0.000005 10.20027730826997 57 5 50 5e-11
v -544 176 -544 32 0 3 10 3.5 0 0 0.5
g -16 192 -16 240 0 0
r -16 48 80 48 0 10000
r 80 80 224 80 0 10000
w 224 80 224 128 0
w 80 48 80 80 0
w 80 80 80 112 0
w -16 192 80 192 0
a 80 128 224 128 8 5 -5 1000000 -0.18902643052481943 -0.1890283006490102 100000
O 224 128 288 128 0 0
r -16 48 80 144 0 10000
162 80 144 80 192 2 1N4148 1 0 0 0.01
162 -16 192 80 144 2 1N4148 1 0 0 0.01
162 -288 208 -192 160 2 1N4148 1 0 0 0.01
162 -192 160 -192 208 2 1N4148 1 0 0 0.01
r -288 64 -192 160 0 10000
O -48 144 16 144 0 0
a -192 144 -48 144 8 5 -5 1000000 0.4751624640874724 0.4751605536826635 100000
w -288 208 -192 208 0
w -192 96 -192 128 0
w -192 64 -192 96 0
w -48 96 -48 144 0
r -192 96 -48 96 0 10000
r -288 64 -192 64 0 10000
g -288 208 -288 256 0 0
w -288 208 -368 176 0
w -336 112 -288 64 0
w -48 96 -16 48 0
a -480 112 -336 112 8 5 -5 1000000 -0.000011422951239375856 0 100000
g -480 128 -480 176 0 0
w -480 128 -544 176 0
r -544 32 -480 32 0 47000
w -480 32 -480 96 0
174 -480 32 -336 32 1 100000 0.6683 Amplitude
w -400 16 -336 112 0
p -336 112 -320 144 1 0 0
w 240 64 272 16 0
g 272 160 272 208 0 0
w 224 128 240 64 0
r 80 144 176 288 0 10000
a 608 160 752 160 8 5 -5 1000000 -0.000008496572310469028 0 100000
g 608 176 592 224 0 0
r 480 128 608 144 0 10000
r 608 96 752 96 0 47000
w 752 160 752 96 0
w 608 144 608 96 0
O 752 160 816 160 0 0
162 608 48 752 48 2 default-led 1 0 0 0.01
162 752 16 592 16 2 default-led 1 0 0 0.01
w 592 16 608 48 0
w 608 48 608 96 0
w 752 96 752 48 0
w 752 48 752 16 0
w 288 352 544 272 0
w 544 272 480 128 0
162 -192 64 -64 64 2 default-led 1 0 0 0.01
162 -64 32 -192 32 2 default-led 1 0 0 0.01
w -192 32 -192 64 0
w -64 32 -64 64 0
w -64 64 -48 96 0
162 80 48 224 48 2 default-led 1 0 0 0.01
162 240 16 80 16 2 default-led 1 0 0 0.01
w 80 16 80 48 0
w 240 16 224 48 0
w 224 48 224 80 0
w 288 352 224 128 0
r -544 -32 -480 -32 0 47000
R -544 -32 -592 -32 0 1 1.8 1.3 0 0 0.5
w -480 -32 -480 32 0
o 0 64 0 4354 10 0.025 0 3 0 3 35 0
o 9 64 0 12546 0.29739110388975254 0.0001 1 1
o 16 64 0 12290 0.8764783853992264 0.0001 2 1
o 46 64 0 12546 1.0797852664574872 0.0001 3 1
