$ 1 0.000005 10.20027730826997 57 5 50 5e-11
v -208 240 -208 96 0 1 40 3.5 0 0 0.5
g 96 256 96 304 0 0
r 96 112 192 112 0 1000
r 192 144 336 144 0 10000
w 336 144 336 192 0
w 192 112 192 144 0
w 192 144 192 176 0
w 96 256 192 256 0
w 192 208 192 256 0
a 192 192 336 192 8 5 -5 1000000 -0.000003648243579590196 0 100000
O 336 192 400 192 0 0
t -48 144 0 144 0 -1 0.5220247827126515 -0.5712366575241727 100 default
t -64 240 0 240 0 1 0.5220247827126515 0.5797874391492138 100 default
w 0 160 0 224 0
w -48 144 -64 240 0
r -48 144 -144 144 0 1000
174 -160 96 -160 240 1 100000 0.46040000000000003 Resistance
g -160 256 -160 304 0 0
w -144 176 -144 144 0
w -208 240 -160 256 0
R 0 64 0 -16 0 0 40 5 0 0 0.5
R 0 320 0 416 0 0 40 -5 0 0 0.5
r 0 256 0 320 0 10000
r 0 64 0 128 0 10000
w 0 160 96 112 0
w 512 160 624 96 0
r 512 64 512 128 0 10000
r 512 256 512 320 0 10000
R 512 320 512 416 0 0 40 -5 0 0 0.5
R 512 64 512 -16 0 0 40 5 0 0 0.5
r 464 144 368 144 0 1000
w 464 144 448 240 0
w 512 160 512 224 0
t 448 240 512 240 0 1 0.43185912742708094 0.5763426318294438 100 default
t 464 144 512 144 0 -1 0.43185912742708094 -0.5720275508034001 100 default
O 864 176 928 176 0 0
a 720 176 864 176 8 5 -5 1000000 -0.000032672338558870536 0 100000
w 720 192 720 240 0
w 624 240 720 240 0
w 720 128 720 160 0
w 720 96 720 128 0
w 864 128 864 176 0
r 720 128 864 128 0 47000
r 624 96 720 96 0 1000
g 624 240 624 288 0 0
w 336 192 368 144 0
v -208 96 -208 32 0 3 3 3 0 0 0.5
w -160 96 -208 32 0
o 0 64 0 4098 5 0.025 0 2 0 3
o 10 64 0 12546 0.7117774409587793 0.0001 1 1
o 35 64 0 12290 3.3473304905674315 0.0001 2 1
