$ 1 0.000005 10.20027730826997 57 5 50 5e-11
v -480 192 -480 48 0 1 20 5 0 0 0.5
g -432 192 -432 240 0 0
r -432 48 -336 48 0 100000
r -336 80 -192 80 0 100000
w -192 80 -192 128 0
w -336 48 -336 80 0
w -336 80 -336 112 0
w -432 192 -336 192 0
w -336 144 -336 192 0
a -336 128 -192 128 8 10.5 -10.5 1000000 0.00002308040735081777 0 100000
O -48 128 -16 96 0 0
d -192 128 -112 128 2 default
d -192 0 -112 0 2 default
w -432 48 -432 0 0
w -432 0 -192 0 0
w -112 0 -112 128 0
r -112 128 -112 192 0 100000
g -112 192 -112 224 0 0
w -112 128 -48 128 0
a 16 112 160 112 8 10.5 -10.5 1000000 1.5 2.0249552333538854 100000
w -48 128 16 128 0
R 16 96 16 64 0 0 40 1.5 0 0 0.5
160 176 32 144 32 0 20 10000000000
w 160 112 160 48 0
a 256 144 400 144 8 10.5 -10.5 1000000 0.000014996850689854278 0 100000
r 208 96 256 96 0 100000
r 256 96 400 96 0 100000
r 240 288 240 336 0 100000
r 144 304 192 304 0 100000
g 272 320 272 352 0 0
w -48 128 -48 176 0
w 256 128 256 96 0
w 176 32 208 96 0
w 16 96 144 48 0
O 816 304 848 272 0 0
w 816 304 816 256 0
w 672 288 672 256 0
w 368 336 624 320 0
g 672 320 672 352 0 0
r 624 176 672 176 0 100000
r 576 352 576 400 0 100000
r 672 256 816 256 0 100000
r 624 256 672 256 0 100000
a 672 304 816 304 8 10.5 -10.5 1000000 0.000005252544067362556 0 100000
w 208 -48 208 -112 0
160 224 -128 192 -128 0 20 10000000000
R 64 -64 64 -96 0 0 40 3 0 0 0.5
w 0 -32 64 -32 0
a 64 -48 208 -48 8 10.5 -10.5 1000000 3 2.0249552333538854 100000
w -432 192 -480 192 0
174 -432 192 -432 96 1 10000 0.5198 Amplitude
w -432 96 -480 48 0
w -448 144 -464 144 0
w -464 144 -432 48 0
r 224 -128 272 -128 0 100000
R 192 -112 144 -112 0 0 40 1.5 0 0 0.5
w -48 128 -48 -32 0
w 0 -32 -48 -32 0
w 272 -128 256 96 0
O 400 96 432 64 0 0
w 400 144 400 96 0
g 256 160 192 160 0 0
w 672 176 672 256 0
w -48 176 -48 240 0
w 624 256 -48 240 0
w 400 144 624 176 0
o 0 64 0 4098 5 0.025 0 2 0 3
o 34 64 0 12546 1.5032345480276144 0.0001 1 1
