$ 1 0.000005 10.20027730826997 57 5 50 5e-11
v -32 256 -32 112 0 1 40 3.5 0 0 0.5
g 96 256 96 304 0 0
r 96 112 192 112 0 100000
r 192 144 336 144 0 100000
w 336 144 336 192 0
w 192 112 192 144 0
w 192 144 192 176 0
a 192 192 336 192 8 15 -15 1000000 0.2920847426212787 0.29208280781678625 100000
O 336 192 400 192 0 0
r 160 208 128 208 0 10000
w 160 208 192 208 0
d 160 208 160 272 2 default
d 192 272 192 208 2 default
w 192 272 160 272 0
w 160 272 96 256 0
w 128 208 96 112 0
w 96 256 -32 256 0
a -32 48 80 48 8 15 -15 1000000 0.7776499344874332 0.7776577109867782 100000
w -32 32 -32 -16 0
w -32 -16 80 -16 0
w 80 -16 80 48 0
w 80 48 96 112 0
174 -96 112 -128 240 1 10000 0.7772000000000001 Resistance
w -32 256 -96 240 0
w 336 192 416 160 0
w 448 256 416 160 0
w 480 320 416 304 0
w 512 320 480 320 0
d 512 320 512 256 2 default
d 480 256 480 320 2 default
w 480 256 512 256 0
r 480 256 448 256 0 10000
O 656 240 720 240 0 0
a 512 240 656 240 8 15 -15 1000000 -0.1575317104623582 -0.15753292629207502 100000
w 512 192 512 224 0
w 512 160 512 192 0
w 656 192 656 240 0
r 512 192 656 192 0 100000
r 416 160 512 160 0 100000
g 416 304 416 352 0 0
p -96 64 -128 16 1 0 0
d -128 64 -240 96 2 default
d -240 144 -128 64 2 default
w -240 96 -240 144 0
g -240 144 -240 192 0 0
w -32 112 -96 112 0
w -128 176 -96 64 0
w -96 64 -32 64 0
o 0 64 0 4098 5 0.025 0 2 0 3
o 8 64 0 12546 0.19521092651807193 0.0001 1 1
o 32 64 0 12546 0.12188245486119206 0.0001 2 1
o 40 64 0 12546 0.7797999999999997 0.0001 3 1
