$ 1 0.000005 10.20027730826997 57 5 50
v -208 240 -208 96 0 1 40 5 0 0 0.5
g 96 256 96 304 0
r 96 112 192 112 0 1000
r 192 144 336 144 0 47000
w 336 144 336 192 0
w 192 112 192 144 0
w 192 144 192 176 0
w 96 256 192 256 0
w 192 208 192 256 0
a 192 192 336 192 8 5 -5 1000000 0.000028819995695628662 0 100000
O 336 192 400 192 0
t -48 144 0 144 0 -1 -0.4997526487248777 -0.5779239360173991 100
t -64 240 0 240 0 1 -0.4997526487248777 0.5715420153084867 100
w 0 160 0 224 0
w -48 144 -64 240 0
r -48 144 -144 144 0 1000
174 -160 96 -160 240 1 100000 0.2624 Resistance
g -160 256 -160 304 0
w -160 96 -208 96 0
w -144 176 -144 144 0
w -208 240 -160 256 0
R 0 64 0 -16 0 0 40 5 0 0 0.5
R 0 320 0 416 0 0 40 -5 0 0 0.5
r 0 256 0 320 0 10000
r 0 64 0 128 0 10000
w 0 160 96 112 0
o 0 64 0 4098 5 0.025 0 2 0 3
o 10 64 0 12546 3.3452212670378794 0.0001 1 1
