$ 1 0.000005 10.20027730826997 57 5 50 5e-11
v -96 256 -96 112 0 1 40 3.5 0 0 0.5
g -96 256 -96 304 0 0
r -96 112 0 112 0 47000
w 144 144 144 192 0
w 0 112 0 144 0
w 0 144 0 176 0
w -96 256 0 256 0
w 0 208 0 256 0
a 0 192 144 192 8 5 -5 1000000 0.0000052792206269623246 0 100000
O 144 192 208 192 0 0
a 240 288 384 288 8 5 -5 1000000 0.4866219701422272 2.2482113373692902 100000
a 240 368 384 368 8 5 -5 1000000 -2.2482113373692902 0.4866219701422272 100000
174 128 272 128 352 1 100000 0.16340000000000002 Resistance
w 128 368 160 368 0
w 160 368 160 320 0
w 160 320 144 320 0
r 128 272 128 240 0 10000
r 128 368 128 416 0 10000
R 128 240 80 240 0 0 40 5 0 0 0.5
R 128 416 80 416 0 0 40 -5 0 0 0.5
w 128 272 240 304 0
w -96 112 -96 64 0
w -96 64 240 64 0
w 240 64 240 272 0
w 208 272 240 272 0
p 384 288 432 288 1 0 0
p 384 368 448 368 1 0 0
w 208 352 208 272 0
160 352 128 288 128 0 20 10000000000
w 240 384 208 352 0
w 240 352 176 384 0
w 176 384 160 368 0
160 528 128 464 128 0 20 10000000000
w 384 288 320 144 0
w 384 368 496 144 0
w 240 64 288 112 0
w 272 176 288 144 0
w 240 64 464 112 0
w 352 128 464 144 0
p 528 128 608 128 1 0 0
w 144 192 272 176 0
174 144 144 16 144 1 100000 0.49010000000000004 Resistance
w 16 144 0 144 0
w 80 160 144 144 0
o 0 64 0 4098 5 0.025 0 2 0 3
o 39 64 0 12290 3.4999999854059025 0.0001 1 1
