$ 1 0.000005 10.20027730826997 57 5 50 5e-11
a 288 192 432 192 8 10.5 -10.5 1000000 -0.00000942342775532787 -1.2398116540167758e-12 100000
w 288 112 288 176 0
w 432 192 432 112 0
r 288 112 432 112 0 100000
r 192 112 288 112 0 100000
r 288 208 288 256 0 200000
g 288 256 288 304 0 0
r 288 208 192 208 0 100000
R 192 112 128 112 0 1 20 1 0 0 0.5
O 432 192 496 192 0 0
p 192 208 192 256 0 0 0
g 192 256 192 304 0 0
a 0 208 128 208 8 10.5 -10.5 1000000 1.3 -0.9423614984071323 100000
r 128 304 32 304 0 100000
w 192 112 80 32 0
w 80 32 -224 208 0
w -224 208 -112 320 0
w -112 320 0 224 0
r 32 304 -16 304 0 47000
g -16 304 -48 304 0 0
w 32 304 80 368 0
w 80 368 160 304 0
w 160 304 160 208 0
d 128 208 128 304 2 default
a 0 144 128 144 8 10.5 -10.5 1000000 -1.2999740005199898 -0.9423614984071323 100000
d 160 144 128 144 2 default
r 160 144 192 144 0 100000
r 192 144 224 144 0 47000
g 224 144 256 144 0 0
r 272 192 176 192 0 100000
w 176 192 192 144 0
w 160 208 192 208 0
w -224 208 0 160 0
w 272 192 288 208 0
a -160 48 -32 48 8 10.5 -10.5 1000000 0.000012999740005199898 0 100000
r -160 0 -32 0 0 1000
r -160 0 -192 0 0 1000
g -160 64 -160 80 0 0
w -160 32 -160 0 0
w -32 48 -32 0 0
172 -192 0 -224 0 0 7 1.3 5 0 0 0.5 Voltage
w -192 0 -160 240 0
w -160 240 0 192 0
w -32 48 0 128 0
o 8 64 0 4354 7 0.025 0 4 8 3 30 0 30 3
o 10 64 0 4354 3.5 0.00009765625 0 3 33 0 33 3
o 9 64 0 12546 1.3002846233320005 0.0001 1 1
