$ 1 0.000005 10.20027730826997 57 5 50 5e-11
a 288 192 432 192 8 10.5 -10.5 1000000 -0.003267487786075841 -0.0032621288769714134 100000
w 288 112 288 176 0
w 432 192 432 112 0
r 288 112 432 112 0 100000
r 192 112 288 112 0 100000
r 288 208 288 256 0 100000
g 288 256 288 304 0 0
r 288 208 192 208 0 100000
R 192 112 128 112 0 1 60 5 0 0 0.5
O 432 192 496 192 0 0
p 192 208 192 256 0 0 0
g 192 256 192 304 0 0
a 0 208 128 208 8 10.5 -10.5 1000000 2.5 -0.5424258860148776 100000
172 0 192 -64 224 0 7 2.5 5 0 0 0.5 Voltage
r 128 304 32 304 0 100000
w 192 112 80 32 0
w 80 32 -224 208 0
w -224 208 -112 320 0
w -112 320 0 224 0
r 32 304 -16 304 0 47000
g -16 304 -48 304 0 0
w 32 304 80 368 0
w 80 368 160 304 0
w 160 304 160 208 0
w 160 208 192 208 0
d 128 208 128 304 2 default
o 8 64 0 4354 7 0.025 0 2 8 3
o 10 64 0 4354 7 0.00009765625 0 1
o 9 64 0 12546 4.993375874789637 0.0001 1 1
